0 0.725472 0.523381 0.082469 0.12125
0 0.191678 0.951845 0.124482 0.0874156
0 0.19359 0.625107 0.102453 0.137435
0 0.0942827 0.91877 0.0965326 0.117036
0 0.405461 0.170094 0.0579374 0.0855851
0 0.0805459 0.758281 0.104604 0.14148
0 0.356181 0.62353 0.0348061 0.0494094
0 0.671954 0.185089 0.127496 0.229364
0 0.918675 0.857992 0.155561 0.284015
0 0.481536 0.677852 0.122031 0.072206
0 0.270942 0.705769 0.102114 0.110842
0 0.322336 0.191907 0.051007 0.0921538
0 0.212995 0.119014 0.0808019 0.0807038
0 0.345436 0.784764 0.0653382 0.09406
0 0.0167669 0.426442 0.0335339 0.0858404
0 0.552335 0.866063 0.183338 0.2594
0 0.307347 0.342749 0.0693229 0.0818325
0 0.0766653 0.640314 0.0794877 0.0554791
0 0.27759 0.831468 0.071228 0.110054
0 0.355367 0.781785 0.0570606 0.0882772
0 0.41314 0.881735 0.0428068 0.0667335
0 0.332017 0.932331 0.0358413 0.0406894
0 0.347412 0.384231 0.0319839 0.0604525
0 0.724903 0.387857 0.0414494 0.0525468
0 0.0214816 0.263083 0.0429632 0.139197
0 0.225018 0.280633 0.0429376 0.0540851
0 0.74378 0.943074 0.0839181 0.109867
0 0.290266 0.933855 0.0365445 0.0493045
0 0.0683026 0.649049 0.0699929 0.074876
0 0.322255 0.57953 0.0276925 0.0477184
0 0.134599 0.189869 0.0286743 0.0354332
0 0.230195 0.286163 0.0384058 0.0508752
0 0.220446 0.27401 0.0384842 0.0503595
0 0.500372 0.594564 0.0328693 0.0485197
0 0.0210117 0.237441 0.0396722 0.0827663
0 0.289601 0.563395 0.0379244 0.080055
0 0.153497 0.735623 0.0408478 0.0790346
0 0.65185 0.462242 0.036854 0.0448576
0 0.0137867 0.767055 0.023892 0.0518606
