0 0.200391 0.509028 0.085156 0.187500
0 0.230859 0.267361 0.183594 0.531944
0 0.180859 0.750694 0.044531 0.076389
0 0.077734 0.566667 0.050781 0.105556
0 0.297656 0.722222 0.060937 0.097222
0 0.921484 0.699306 0.157031 0.601389
0 0.124219 0.919444 0.042188 0.088889
0 0.094141 0.800000 0.102344 0.147222
0 0.091406 0.950000 0.039062 0.088889
0 0.066406 0.965972 0.062500 0.068056
0 0.080859 0.065278 0.064844 0.127778
0 0.377734 0.963889 0.136719 0.072222
0 0.573828 0.931250 0.099219 0.137500
0 0.056250 0.920833 0.037500 0.058333
0 0.011719 0.708333 0.021875 0.061111
0 0.016016 0.874306 0.030469 0.109722
