0 0.066406 0.909028 0.118750 0.181944
0 0.092188 0.705556 0.101562 0.200000
0 0.404297 0.759722 0.153906 0.480556
0 0.240234 0.586806 0.110156 0.137500
0 0.353906 0.256250 0.176563 0.406944
0 0.506641 0.063194 0.082031 0.123611
0 0.690234 0.495833 0.064844 0.111111
0 0.088672 0.794444 0.175781 0.411111
0 0.576953 0.892361 0.094531 0.215278
0 0.742188 0.812500 0.043750 0.108333
0 0.800000 0.694444 0.042188 0.119444
0 0.819141 0.875000 0.117969 0.250000
0 0.727344 0.370139 0.037500 0.170833
0 0.765625 0.344444 0.034375 0.133333
0 0.792188 0.277778 0.040625 0.188889
0 0.862891 0.625000 0.032031 0.083333
0 0.892188 0.667361 0.053125 0.181944
0 0.875781 0.422222 0.029687 0.047222
0 0.828906 0.033333 0.090625 0.063889
0 0.921094 0.422917 0.062500 0.337500
0 0.099609 0.175000 0.075781 0.225000
0 0.170313 0.113889 0.084375 0.150000
0 0.851562 0.151389 0.050000 0.111111
0 0.470313 0.227778 0.046875 0.088889
0 0.894922 0.159028 0.042969 0.106944
