0 0.158984 0.468750 0.085156 0.187500
0 0.176172 0.245833 0.182031 0.488889
0 0.150391 0.696528 0.044531 0.076389
0 0.050391 0.541667 0.050781 0.105556
0 0.265625 0.666667 0.060937 0.097222
0 0.898828 0.624306 0.202344 0.751389
0 0.099219 0.885417 0.031250 0.081944
0 0.069922 0.770139 0.100781 0.137500
0 0.081250 0.936111 0.039062 0.088889
0 0.052344 0.965278 0.076563 0.069444
0 0.042578 0.056250 0.061719 0.109722
0 0.346484 0.941667 0.146094 0.116667
0 0.512500 0.850694 0.078125 0.129167
0 0.048438 0.916667 0.037500 0.058333
