0 0.049219 0.414583 0.096875 0.440278
0 0.322266 0.971528 0.082031 0.056944
0 0.507422 0.770139 0.030469 0.051389
0 0.389844 0.409028 0.081250 0.131944
0 0.553906 0.431250 0.037500 0.079167
0 0.532031 0.759028 0.095312 0.293056
0 0.591406 0.401389 0.046875 0.116667
0 0.636328 0.350694 0.038281 0.079167
0 0.592578 0.586111 0.089844 0.280556
0 0.703516 0.391667 0.067969 0.236111
0 0.654687 0.509722 0.065625 0.169444
0 0.210938 0.198611 0.098437 0.394444
0 0.366797 0.202083 0.197656 0.401389
0 0.475781 0.340278 0.089063 0.166667
0 0.664062 0.297917 0.034375 0.059722
0 0.557422 0.148611 0.055469 0.077778
0 0.580078 0.082639 0.024219 0.090278
0 0.602734 0.122222 0.038281 0.108333
0 0.635156 0.101389 0.032813 0.155556
0 0.700000 0.068750 0.042188 0.101389
