0 0.744141 0.063889 0.283594 0.125000
0 0.463672 0.365972 0.116406 0.270833
0 0.175391 0.063889 0.152344 0.111111
0 0.739844 0.271528 0.123438 0.215278
0 0.360938 0.696528 0.176563 0.226389
0 0.230078 0.650000 0.085156 0.136111
0 0.157031 0.707639 0.070312 0.126389
0 0.337500 0.797917 0.082812 0.126389
0 0.016406 0.451389 0.031250 0.086111
0 0.588281 0.393056 0.135937 0.186111
0 0.539062 0.690972 0.090625 0.106944
0 0.847266 0.668056 0.075781 0.075000
0 0.968750 0.593750 0.062500 0.137500
0 0.719922 0.718750 0.160156 0.343056
0 0.013672 0.675694 0.025781 0.145833
0 0.202344 0.509722 0.140625 0.136111
0 0.900781 0.845833 0.051562 0.100000
0 0.378125 0.947222 0.134375 0.091667
0 0.182812 0.828472 0.134375 0.159722
0 0.549219 0.831250 0.198437 0.198611
0 0.387500 0.746528 0.078125 0.098611
0 0.430469 0.923611 0.053125 0.063889
