0 0.042188 0.195833 0.073438 0.175000
0 0.039062 0.406944 0.062500 0.116667
0 0.044141 0.615972 0.086719 0.290278
0 0.150391 0.148611 0.094531 0.194444
0 0.205469 0.395139 0.095312 0.231944
0 0.354687 0.726389 0.057813 0.072222
0 0.084766 0.972222 0.080469 0.055556
0 0.283594 0.931250 0.154688 0.137500
0 0.449609 0.828472 0.036719 0.065278
0 0.348828 0.156250 0.077344 0.170833
0 0.414453 0.045833 0.044531 0.088889
0 0.373828 0.195833 0.127344 0.388889
0 0.505078 0.406250 0.060156 0.095833
0 0.506250 0.035417 0.064062 0.068056
0 0.590234 0.374306 0.063281 0.148611
0 0.494141 0.240972 0.183594 0.345833
0 0.581641 0.654167 0.017969 0.036111
0 0.608203 0.657639 0.099219 0.195833
0 0.733203 0.229861 0.049219 0.076389
0 0.686328 0.438194 0.044531 0.062500
0 0.746094 0.428472 0.039062 0.087500
0 0.704688 0.555556 0.089063 0.213889
0 0.796094 0.465972 0.040625 0.076389
0 0.779687 0.200694 0.032813 0.101389
0 0.807813 0.213889 0.035937 0.080556
0 0.844922 0.204167 0.050781 0.113889
0 0.865234 0.372917 0.028906 0.045833
0 0.797656 0.507639 0.037500 0.051389
0 0.813672 0.521528 0.069531 0.145833
0 0.922656 0.306250 0.023438 0.034722
0 0.891016 0.440278 0.097656 0.188889
0 0.863281 0.482639 0.043750 0.093056
0 0.876953 0.056944 0.041406 0.111111
0 0.905078 0.139583 0.066406 0.081944
0 0.957422 0.134722 0.080469 0.180556
0 0.951953 0.277083 0.052344 0.054167
0 0.921875 0.211806 0.028125 0.095833
0 0.962109 0.357639 0.049219 0.123611
