0 0.071875 0.054167 0.092188 0.105556
0 0.164453 0.245139 0.135156 0.256944
0 0.032422 0.617361 0.063281 0.162500
0 0.117578 0.857639 0.094531 0.090278
0 0.369141 0.830556 0.196094 0.238889
0 0.450391 0.602083 0.072656 0.109722
0 0.575391 0.690972 0.055469 0.068056
0 0.394922 0.092361 0.114844 0.181944
0 0.655859 0.206944 0.072656 0.116667
0 0.773047 0.186111 0.091406 0.183333
0 0.625781 0.119444 0.267188 0.236111
0 0.758594 0.507639 0.021875 0.048611
0 0.784375 0.513889 0.114062 0.191667
0 0.888672 0.286111 0.042969 0.072222
0 0.946094 0.286111 0.046875 0.094444
0 0.901563 0.409722 0.103125 0.222222
0 0.945312 0.068056 0.050000 0.086111
0 0.982031 0.343056 0.035937 0.066667
0 0.985156 0.052778 0.029687 0.097222
0 0.980859 0.418056 0.038281 0.100000
