0 0.157812 0.306944 0.160938 0.286111
0 0.063672 0.820139 0.125781 0.320833
0 0.339453 0.672222 0.149219 0.344444
0 0.430078 0.347917 0.117969 0.218056
0 0.629297 0.604861 0.228906 0.709722
0 0.551172 0.270139 0.096094 0.137500
0 0.686719 0.097917 0.171875 0.193056
0 0.672656 0.875000 0.073438 0.125000
0 0.771484 0.718750 0.072656 0.218056
0 0.358594 0.570833 0.253125 0.850000
0 0.873047 0.365278 0.050781 0.100000
0 0.841016 0.934028 0.069531 0.131944
0 0.868750 0.685417 0.037500 0.073611
0 0.910156 0.590972 0.031250 0.109722
0 0.904297 0.784722 0.083594 0.258333
0 0.897656 0.271528 0.025000 0.101389
0 0.919141 0.268750 0.017969 0.098611
0 0.948047 0.574306 0.035156 0.081944
0 0.972266 0.626389 0.049219 0.119444
