0 0.041406 0.880556 0.081250 0.238889
0 0.167578 0.847917 0.157031 0.304167
0 0.363281 0.464583 0.106250 0.312500
0 0.316797 0.154861 0.258594 0.284722
0 0.550000 0.122917 0.070312 0.231944
0 0.611719 0.121528 0.068750 0.126389
0 0.562891 0.585417 0.082031 0.176389
0 0.515234 0.827083 0.128906 0.251389
0 0.511328 0.680556 0.202344 0.638889
0 0.658203 0.541667 0.072656 0.138889
0 0.758984 0.335417 0.138281 0.309722
0 0.817969 0.218750 0.065625 0.134722
0 0.735938 0.979861 0.034375 0.040278
0 0.815625 0.905556 0.082812 0.166667
0 0.728125 0.775000 0.168750 0.450000
0 0.903125 0.618056 0.051562 0.094444
0 0.898438 0.894444 0.045312 0.094444
0 0.935937 0.809028 0.037500 0.118056
0 0.934375 0.940972 0.068750 0.118056
0 0.928516 0.547222 0.022656 0.144444
0 0.945703 0.522917 0.027344 0.118056
0 0.966797 0.509028 0.032031 0.168056
0 0.905469 0.141667 0.048438 0.100000
0 0.894531 0.172222 0.101562 0.216667
0 0.976562 0.249306 0.046875 0.187500
0 0.648047 0.036806 0.060156 0.070833
0 0.087891 0.052083 0.082031 0.101389
