0 0.137891 0.218750 0.089844 0.240278
0 0.011719 0.423611 0.021875 0.255556
0 0.058203 0.854167 0.114844 0.291667
0 0.214844 0.549306 0.109375 0.231944
0 0.280078 0.382639 0.071094 0.145833
0 0.371875 0.422222 0.070312 0.133333
0 0.239063 0.568750 0.160938 0.790278
0 0.457813 0.948611 0.079687 0.102778
0 0.546484 0.859028 0.080469 0.173611
0 0.419922 0.694444 0.205469 0.502778
0 0.478906 0.278472 0.131250 0.281944
0 0.565234 0.228472 0.047656 0.118056
0 0.639062 0.642361 0.060937 0.093056
0 0.651172 0.902083 0.052344 0.084722
0 0.696484 0.950694 0.094531 0.098611
0 0.695312 0.857639 0.039062 0.112500
0 0.737891 0.863889 0.038281 0.083333
0 0.769922 0.887500 0.057031 0.111111
0 0.774609 0.712500 0.033594 0.055556
0 0.669531 0.570833 0.021875 0.133333
0 0.694141 0.573611 0.032031 0.105556
0 0.720313 0.541667 0.034375 0.158333
0 0.671094 0.186806 0.048438 0.093056
0 0.645312 0.202083 0.126562 0.184722
0 0.722656 0.296528 0.060937 0.143056
0 0.819141 0.115278 0.080469 0.127778
0 0.792969 0.278472 0.109375 0.215278
0 0.882031 0.160417 0.046875 0.109722
0 0.787891 0.465278 0.036719 0.105556
0 0.806641 0.760417 0.078906 0.240278
0 0.826172 0.508333 0.060156 0.072222
0 0.808984 0.281944 0.233594 0.258333
0 0.164453 0.065972 0.102344 0.129167
0 0.315625 0.072222 0.064062 0.138889
0 0.365625 0.082639 0.068750 0.118056
0 0.419922 0.034722 0.052344 0.066667
0 0.586719 0.053472 0.092188 0.104167
