0 0.125391 0.161806 0.089844 0.240278
0 0.009375 0.391667 0.017188 0.191667
0 0.064453 0.834722 0.127344 0.330556
0 0.212500 0.468750 0.109375 0.231944
0 0.269141 0.303472 0.071094 0.145833
0 0.364844 0.329167 0.065625 0.108333
0 0.227344 0.504861 0.160938 0.790278
0 0.457031 0.873611 0.079687 0.102778
0 0.561328 0.765972 0.080469 0.173611
0 0.415234 0.625000 0.205469 0.502778
0 0.471094 0.188194 0.131250 0.281944
0 0.557422 0.118750 0.047656 0.118056
0 0.647656 0.528472 0.060937 0.093056
0 0.669141 0.802083 0.052344 0.084722
0 0.719922 0.910417 0.107031 0.179167
0 0.720313 0.754861 0.039062 0.112500
0 0.766016 0.772222 0.038281 0.083333
0 0.796875 0.829861 0.062500 0.184722
0 0.792578 0.612500 0.033594 0.055556
0 0.681250 0.473611 0.021875 0.133333
0 0.708984 0.473611 0.032031 0.105556
0 0.737500 0.427778 0.034375 0.158333
0 0.667969 0.113194 0.048438 0.093056
0 0.642969 0.093056 0.126562 0.183333
0 0.721875 0.197917 0.060937 0.143056
0 0.814453 0.036111 0.080469 0.069444
0 0.803125 0.171528 0.109375 0.215278
0 0.876563 0.055556 0.046875 0.108333
0 0.798828 0.362500 0.036719 0.105556
0 0.827734 0.657639 0.078906 0.240278
0 0.844922 0.398611 0.060156 0.072222
0 0.818750 0.172917 0.234375 0.259722
0 0.174219 0.034028 0.082812 0.065278
0 0.294922 0.036111 0.074219 0.069444
0 0.346875 0.027778 0.060937 0.052778
