0 0.038281 0.581944 0.075000 0.272222
0 0.030859 0.911111 0.060156 0.177778
0 0.161719 0.570833 0.142187 0.341667
0 0.255469 0.888194 0.107813 0.145833
0 0.335547 0.288194 0.091406 0.251389
0 0.317969 0.100694 0.215625 0.179167
0 0.503906 0.076389 0.073438 0.150000
0 0.569531 0.079861 0.068750 0.126389
0 0.521484 0.403472 0.082031 0.176389
0 0.468750 0.605556 0.125000 0.227778
0 0.471875 0.614583 0.187500 0.770833
0 0.615234 0.426389 0.072656 0.138889
0 0.704297 0.263194 0.138281 0.306944
0 0.790234 0.174306 0.064844 0.134722
0 0.720313 0.943056 0.075000 0.113889
0 0.796875 0.847222 0.082812 0.166667
0 0.717969 0.705556 0.207813 0.544444
0 0.887500 0.571528 0.053125 0.076389
0 0.901563 0.858333 0.045312 0.094444
0 0.928125 0.793750 0.037500 0.118056
0 0.927344 0.922917 0.073438 0.154167
0 0.905859 0.491667 0.022656 0.144444
0 0.924609 0.497917 0.027344 0.118056
0 0.945703 0.472917 0.032031 0.168056
0 0.863281 0.122222 0.048438 0.100000
0 0.850000 0.135417 0.101562 0.215278
0 0.964063 0.177083 0.071875 0.184722
