0 0.426172 0.304167 0.353906 0.605556
0 0.390625 0.568056 0.160938 0.286111
0 0.217578 0.638889 0.091406 0.136111
0 0.505859 0.806944 0.046094 0.086111
0 0.459375 0.920139 0.090625 0.159722
0 0.378125 0.902778 0.095312 0.194444
0 0.128516 0.789583 0.046094 0.076389
0 0.248828 0.916667 0.149219 0.163889
0 0.112109 0.893750 0.092969 0.212500
0 0.066016 0.213194 0.050781 0.179167
0 0.042188 0.615278 0.045312 0.119444
0 0.033203 0.436111 0.064844 0.136111
0 0.029687 0.311111 0.057813 0.183333
0 0.187109 0.049306 0.102344 0.095833
