0 0.061719 0.352083 0.121875 0.184722
0 0.366797 0.084722 0.186719 0.166667
0 0.291797 0.642361 0.111719 0.129167
0 0.513672 0.483333 0.142969 0.113889
0 0.793359 0.391667 0.227344 0.486111
0 0.063672 0.581250 0.099219 0.223611
0 0.033984 0.761806 0.066406 0.101389
0 0.135547 0.845833 0.121094 0.133333
0 0.238281 0.789583 0.115625 0.184722
0 0.078516 0.922222 0.155469 0.130556
0 0.255469 0.620139 0.301563 0.301389
0 0.528906 0.663194 0.287500 0.362500
0 0.669531 0.725694 0.104688 0.151389
0 0.702344 0.790972 0.129688 0.120833
0 0.822266 0.694444 0.063281 0.083333
0 0.842187 0.722917 0.109375 0.156944
