0 0.142578 0.370833 0.085156 0.172222
0 0.158203 0.188194 0.174219 0.373611
0 0.145703 0.613194 0.044531 0.076389
0 0.035547 0.476389 0.050781 0.105556
0 0.248828 0.558333 0.057031 0.091667
0 0.905859 0.490278 0.188281 0.758333
0 0.094531 0.811806 0.048438 0.084722
0 0.061328 0.692361 0.100781 0.137500
0 0.069531 0.866667 0.039062 0.088889
0 0.049219 0.935417 0.079687 0.129167
0 0.026953 0.036806 0.052344 0.070833
0 0.350000 0.887500 0.153125 0.225000
0 0.528125 0.706944 0.121875 0.155556
0 0.033594 0.837500 0.037500 0.058333
0 0.482031 0.870833 0.092188 0.088889
