0 0.047656 0.553472 0.093750 0.273611
0 0.041016 0.886111 0.080469 0.175000
0 0.184375 0.558333 0.142187 0.366667
0 0.308984 0.896528 0.164844 0.206944
0 0.370703 0.249306 0.091406 0.251389
0 0.360938 0.065972 0.190625 0.129167
0 0.557813 0.060417 0.071875 0.118056
0 0.616016 0.050000 0.060156 0.097222
0 0.566016 0.399306 0.082031 0.176389
0 0.502344 0.576389 0.125000 0.227778
0 0.520312 0.590278 0.189062 0.805556
0 0.662109 0.393056 0.072656 0.138889
0 0.761328 0.246528 0.138281 0.306944
0 0.833984 0.168750 0.064844 0.134722
0 0.752344 0.937500 0.075000 0.113889
0 0.838281 0.837500 0.082812 0.166667
0 0.717969 0.705556 0.207813 0.544444
0 0.926562 0.571528 0.053125 0.076389
0 0.924219 0.861111 0.045312 0.094444
0 0.963281 0.802083 0.037500 0.118056
0 0.957031 0.922917 0.073438 0.154167
0 0.949609 0.504167 0.022656 0.144444
0 0.966016 0.492361 0.027344 0.118056
0 0.983984 0.478472 0.032031 0.168056
0 0.907031 0.111111 0.048438 0.100000
0 0.892969 0.136111 0.101562 0.213889
0 0.974219 0.172222 0.051562 0.136111
