0 0.043359 0.453472 0.085156 0.273611
0 0.032422 0.802778 0.063281 0.197222
0 0.186719 0.451389 0.142187 0.366667
0 0.291797 0.847222 0.158594 0.305556
0 0.380859 0.164583 0.091406 0.251389
0 0.424219 0.028472 0.098437 0.054167
0 0.566406 0.029167 0.054688 0.055556
0 0.629297 0.023611 0.064844 0.044444
0 0.573047 0.340972 0.082031 0.176389
0 0.506250 0.494444 0.125000 0.227778
0 0.504687 0.530556 0.189062 0.805556
0 0.663672 0.347917 0.072656 0.137500
0 0.765234 0.198611 0.138281 0.305556
0 0.841016 0.125694 0.064844 0.134722
0 0.753125 0.890278 0.075000 0.113889
0 0.836719 0.816667 0.082812 0.166667
0 0.713672 0.648611 0.207031 0.544444
0 0.922656 0.545139 0.053125 0.076389
0 0.917188 0.840278 0.045312 0.094444
0 0.957812 0.785417 0.037500 0.118056
0 0.946094 0.922917 0.073438 0.154167
0 0.947266 0.487500 0.022656 0.144444
0 0.966016 0.492361 0.027344 0.118056
0 0.983984 0.468750 0.032031 0.168056
0 0.925781 0.091667 0.048438 0.100000
0 0.908594 0.108333 0.101562 0.213889
0 0.974219 0.205556 0.051562 0.136111
