0 0.114844 0.281944 0.064062 0.125000
0 0.117578 0.079167 0.113281 0.155556
0 0.268359 0.056250 0.088281 0.109722
0 0.327344 0.283333 0.109375 0.258333
0 0.089453 0.472917 0.177344 0.398611
0 0.163672 0.861806 0.094531 0.090278
0 0.406250 0.890972 0.175000 0.201389
0 0.511719 0.673611 0.068750 0.100000
0 0.613281 0.800694 0.042188 0.070833
0 0.525781 0.065278 0.098437 0.127778
0 0.563672 0.150694 0.122656 0.295833
0 0.714844 0.362500 0.057813 0.097222
0 0.809766 0.356250 0.071094 0.137500
0 0.714453 0.179861 0.208594 0.337500
0 0.782813 0.652083 0.021875 0.048611
0 0.810937 0.662500 0.104688 0.191667
0 0.905859 0.452778 0.042969 0.072222
0 0.957031 0.447222 0.046875 0.094444
0 0.921484 0.568750 0.086719 0.206944
0 0.963281 0.241667 0.051562 0.075000
0 0.983984 0.518056 0.032031 0.050000
0 0.991797 0.231944 0.016406 0.097222
0 0.987500 0.592361 0.025000 0.081944
0 0.017188 0.773611 0.032813 0.161111
