0 0.672656 0.156250 0.292187 0.309722
0 0.935547 0.180556 0.128906 0.358333
0 0.455078 0.497222 0.108594 0.227778
0 0.218750 0.179861 0.123438 0.145833
0 0.717187 0.416667 0.126562 0.177778
0 0.389453 0.754167 0.171094 0.225000
0 0.258984 0.665972 0.080469 0.118056
0 0.195312 0.713194 0.070312 0.126389
0 0.342578 0.815972 0.086719 0.104167
0 0.045703 0.450000 0.047656 0.075000
0 0.533594 0.505556 0.093750 0.136111
0 0.409766 0.772222 0.078906 0.091667
0 0.830469 0.782639 0.084375 0.073611
0 0.962109 0.731944 0.075781 0.122222
0 0.728125 0.820139 0.117188 0.287500
0 0.026562 0.596528 0.051562 0.165278
0 0.232813 0.531250 0.160938 0.173611
0 0.895703 0.956944 0.060156 0.086111
0 0.391406 0.961806 0.115625 0.076389
0 0.164844 0.745833 0.035937 0.052778
0 0.148438 0.687500 0.028125 0.044444
