0 0.168750 0.213889 0.182812 0.277778
0 0.086719 0.564583 0.170313 0.331944
0 0.044141 0.718750 0.086719 0.173611
0 0.056250 0.875694 0.092188 0.098611
0 0.180078 0.302083 0.358594 0.601389
0 0.558203 0.339583 0.411719 0.643056
0 0.551953 0.026389 0.194531 0.050000
0 0.941797 0.110417 0.116406 0.218056
0 0.742188 0.488889 0.123438 0.191667
0 0.685937 0.638194 0.021875 0.051389
0 0.470703 0.743750 0.052344 0.045833
0 0.728516 0.643056 0.142969 0.147222
0 0.878516 0.488889 0.055469 0.086111
0 0.868359 0.558333 0.124219 0.188889
0 0.948047 0.461111 0.060156 0.072222
0 0.983984 0.343750 0.032031 0.126389
