0 0.012500 0.311111 0.023438 0.141667
0 0.016016 0.095833 0.030469 0.144444
0 0.121094 0.055556 0.092188 0.108333
0 0.185547 0.262500 0.125781 0.258333
0 0.032813 0.596528 0.064062 0.162500
0 0.088672 0.853472 0.094531 0.090278
0 0.329688 0.846528 0.182812 0.193056
0 0.418750 0.619444 0.068750 0.100000
0 0.548047 0.728472 0.055469 0.068056
0 0.369531 0.027778 0.118750 0.052778
0 0.425781 0.112500 0.118750 0.222222
0 0.643359 0.261806 0.066406 0.093056
0 0.759766 0.247222 0.085156 0.166667
0 0.625000 0.163889 0.264062 0.325000
0 0.733594 0.557639 0.021875 0.048611
0 0.760547 0.559028 0.111719 0.181944
0 0.872266 0.344444 0.042969 0.072222
0 0.932813 0.348611 0.046875 0.094444
0 0.867969 0.479167 0.103125 0.222222
0 0.932813 0.134722 0.050000 0.086111
0 0.974609 0.406944 0.032031 0.050000
0 0.982031 0.124306 0.023438 0.084722
0 0.976953 0.466667 0.042969 0.094444
