0 0.142187 0.959722 0.114062 0.080556
0 0.173828 0.808333 0.044531 0.083333
0 0.259766 0.913889 0.035156 0.052778
0 0.042188 0.507639 0.073438 0.206944
0 0.016797 0.281944 0.032031 0.172222
0 0.102734 0.074306 0.066406 0.145833
0 0.143359 0.276389 0.058594 0.155556
0 0.263281 0.138889 0.053125 0.075000
0 0.160938 0.254861 0.107813 0.468056
0 0.282031 0.502083 0.043750 0.062500
0 0.269922 0.347222 0.146094 0.319444
0 0.355078 0.469444 0.061719 0.119444
0 0.395313 0.738194 0.087500 0.198611
0 0.448828 0.516667 0.036719 0.061111
0 0.513672 0.497917 0.035156 0.087500
0 0.490625 0.627778 0.092188 0.208333
0 0.485938 0.307639 0.048438 0.073611
0 0.371484 0.062500 0.122656 0.122222
0 0.572656 0.526389 0.042188 0.066667
0 0.598047 0.569444 0.069531 0.136111
0 0.644531 0.419444 0.035937 0.055556
0 0.538281 0.264583 0.040625 0.093056
0 0.569531 0.275694 0.042188 0.084722
0 0.616016 0.251389 0.050781 0.116667
0 0.682031 0.482639 0.103125 0.184722
0 0.646875 0.100000 0.054688 0.116667
0 0.751563 0.155556 0.118750 0.194444
0 0.838672 0.227083 0.161719 0.137500
0 0.866797 0.143056 0.055469 0.100000
0 0.747656 0.306250 0.062500 0.081944
0 0.689063 0.180556 0.082812 0.072222
0 0.837891 0.357639 0.082031 0.109722
