0 0.765234 0.077083 0.310156 0.151389
0 0.480859 0.361806 0.116406 0.270833
0 0.223828 0.057639 0.152344 0.112500
0 0.771094 0.265972 0.123438 0.215278
0 0.391016 0.650000 0.171094 0.225000
0 0.261328 0.591667 0.085156 0.136111
0 0.189844 0.638194 0.070312 0.126389
0 0.353125 0.745139 0.082812 0.126389
0 0.033203 0.376389 0.047656 0.075000
0 0.588281 0.393056 0.135937 0.186111
0 0.569141 0.665278 0.078906 0.091667
0 0.862891 0.676389 0.075781 0.075000
0 0.980469 0.633333 0.039062 0.100000
0 0.740234 0.711806 0.158594 0.323611
0 0.025781 0.561806 0.050000 0.165278
0 0.245703 0.443750 0.146094 0.143056
0 0.915625 0.869444 0.051562 0.100000
0 0.348047 0.893750 0.041406 0.093056
0 0.211719 0.760417 0.134375 0.159722
0 0.567969 0.805556 0.195312 0.183333
