0 0.291016 0.870833 0.224219 0.258333
0 0.540234 0.638194 0.128906 0.218056
0 0.789062 0.944444 0.039062 0.111111
0 0.830469 0.925000 0.037500 0.150000
0 0.868359 0.819444 0.041406 0.247222
0 0.935156 0.925000 0.029687 0.047222
0 0.977734 0.876389 0.044531 0.247222
0 0.008594 0.675694 0.015625 0.223611
0 0.054688 0.664583 0.092188 0.223611
0 0.430078 0.927083 0.119531 0.137500
0 0.145313 0.443056 0.071875 0.211111
0 0.840625 0.508333 0.079687 0.163889
0 0.729688 0.406944 0.079687 0.147222
0 0.978906 0.607639 0.042188 0.140278
0 0.939844 0.622917 0.045312 0.109722
0 0.930859 0.380556 0.121094 0.294444
0 0.682422 0.393056 0.186719 0.344444
0 0.924609 0.136806 0.089844 0.209722
0 0.110937 0.154167 0.118750 0.155556
0 0.460938 0.193056 0.259375 0.375000
0 0.930859 0.441667 0.138281 0.355556
