0 0.096875 0.909028 0.118750 0.181944
0 0.012500 0.411806 0.023438 0.084722
0 0.134375 0.694444 0.101562 0.200000
0 0.111719 0.771528 0.221875 0.456944
0 0.278516 0.577083 0.110156 0.137500
0 0.401172 0.250694 0.175781 0.406944
0 0.530078 0.063889 0.082031 0.125000
0 0.712891 0.484722 0.064844 0.111111
0 0.443750 0.757639 0.190625 0.484722
0 0.611328 0.892361 0.094531 0.215278
0 0.754687 0.805556 0.043750 0.108333
0 0.766797 0.974306 0.032031 0.051389
0 0.803125 0.694444 0.042188 0.119444
0 0.816797 0.865972 0.114844 0.268056
0 0.740625 0.374306 0.037500 0.170833
0 0.772656 0.348611 0.034375 0.133333
0 0.801953 0.286806 0.032031 0.156944
0 0.862891 0.625000 0.032031 0.083333
0 0.891016 0.663194 0.050781 0.170833
0 0.878125 0.425000 0.029687 0.047222
0 0.842969 0.037500 0.106250 0.072222
0 0.924609 0.455556 0.055469 0.272222
0 0.127734 0.159722 0.075781 0.225000
0 0.200781 0.104167 0.084375 0.150000
0 0.856250 0.152778 0.050000 0.111111
0 0.500781 0.229167 0.046875 0.088889
0 0.898047 0.175694 0.042969 0.106944
