0 0.288281 0.572222 0.201563 0.272222
0 0.158594 0.093750 0.084375 0.184722
0 0.315625 0.065278 0.106250 0.127778
0 0.471875 0.281944 0.285938 0.438889
0 0.321094 0.945139 0.071875 0.109722
0 0.812891 0.555556 0.058594 0.130556
0 0.889062 0.400694 0.134375 0.301389
0 0.978125 0.304167 0.043750 0.169444
0 0.983984 0.505556 0.032031 0.083333
0 0.876172 0.936806 0.057031 0.126389
0 0.742969 0.788889 0.275000 0.352778
0 0.839063 0.886111 0.189062 0.227778
0 0.905078 0.070833 0.113281 0.138889
0 0.603125 0.053472 0.190625 0.104167
0 0.010547 0.668056 0.019531 0.088889
