0 0.161328 0.206250 0.089844 0.240278
0 0.034375 0.445833 0.067187 0.336111
0 0.107031 0.849306 0.154688 0.301389
0 0.267969 0.509028 0.109375 0.231944
0 0.319141 0.354167 0.077344 0.152778
0 0.424219 0.377083 0.065625 0.109722
0 0.286719 0.539583 0.173437 0.790278
0 0.542969 0.908333 0.079687 0.102778
0 0.633203 0.820139 0.080469 0.173611
0 0.498047 0.681944 0.205469 0.502778
0 0.520312 0.227083 0.131250 0.281944
0 0.606641 0.158333 0.061719 0.133333
0 0.713281 0.579861 0.060937 0.093056
0 0.826953 0.821528 0.052344 0.084722
0 0.782813 0.932639 0.089063 0.134722
0 0.735938 0.864583 0.039062 0.112500
0 0.778516 0.811111 0.038281 0.083333
0 0.853906 0.859028 0.062500 0.184722
0 0.855859 0.645833 0.033594 0.055556
0 0.736719 0.505556 0.021875 0.133333
0 0.769922 0.518056 0.032031 0.105556
0 0.793750 0.486111 0.034375 0.158333
0 0.706250 0.107639 0.048438 0.093056
0 0.689844 0.131944 0.126562 0.183333
0 0.773438 0.225694 0.060937 0.143056
0 0.850391 0.045833 0.061719 0.088889
0 0.843750 0.207639 0.109375 0.215278
0 0.921094 0.080556 0.046875 0.108333
0 0.848828 0.387500 0.036719 0.105556
0 0.899609 0.703472 0.078906 0.240278
0 0.891797 0.436111 0.060156 0.072222
0 0.841406 0.203472 0.234375 0.259722
0 0.187891 0.051389 0.110156 0.100000
0 0.330469 0.052778 0.060937 0.102778
0 0.388672 0.040972 0.064844 0.079167
