0 0.019922 0.904167 0.038281 0.191667
0 0.286719 0.858333 0.135937 0.283333
0 0.126172 0.785417 0.110156 0.137500
0 0.269531 0.416667 0.193750 0.491667
0 0.467187 0.157639 0.104688 0.168056
0 0.658984 0.721528 0.082031 0.123611
0 0.710547 0.559722 0.041406 0.194444
0 0.749219 0.525694 0.034375 0.159722
0 0.790625 0.429861 0.039062 0.218056
0 0.868750 0.600000 0.029687 0.047222
0 0.874219 0.025694 0.085938 0.048611
0 0.922656 0.593750 0.062500 0.337500
0 0.024609 0.285417 0.047656 0.265278
0 0.076563 0.204861 0.087500 0.179167
0 0.767969 0.915972 0.062500 0.140278
0 0.400391 0.384722 0.086719 0.127778
0 0.907422 0.160417 0.042969 0.106944
0 0.156641 0.045833 0.064844 0.088889
0 0.835547 0.828472 0.049219 0.093056
0 0.872656 0.831944 0.065625 0.211111
0 0.747266 0.129861 0.078906 0.162500
0 0.592969 0.088889 0.171875 0.175000
0 0.909766 0.304167 0.055469 0.102778
0 0.858984 0.293056 0.053906 0.133333
0 0.929688 0.388889 0.059375 0.180556
0 0.870703 0.122222 0.200781 0.241667
