0 0.130469 0.266667 0.064062 0.125000
0 0.134375 0.068750 0.103125 0.134722
0 0.282813 0.045833 0.084375 0.088889
0 0.346094 0.275000 0.109375 0.258333
0 0.091016 0.446528 0.180469 0.387500
0 0.163672 0.861806 0.094531 0.090278
0 0.406250 0.896528 0.175000 0.201389
0 0.514062 0.671528 0.064062 0.095833
0 0.610156 0.804861 0.042188 0.070833
0 0.530469 0.065972 0.098437 0.129167
0 0.563672 0.150694 0.122656 0.295833
0 0.714844 0.362500 0.057813 0.097222
0 0.809766 0.356250 0.071094 0.137500
0 0.714453 0.179861 0.208594 0.337500
0 0.773438 0.652083 0.021875 0.048611
0 0.801562 0.677778 0.104688 0.191667
0 0.898047 0.456944 0.042969 0.072222
0 0.950000 0.447222 0.046875 0.094444
0 0.906641 0.589583 0.086719 0.206944
0 0.946875 0.245833 0.051562 0.075000
0 0.983984 0.527778 0.032031 0.050000
0 0.982812 0.230556 0.034375 0.094444
0 0.975000 0.595139 0.050000 0.087500
0 0.014453 0.768750 0.027344 0.151389
