0 0.011719 0.275694 0.021875 0.145833
0 0.081250 0.251389 0.076563 0.191667
0 0.121484 0.492361 0.083594 0.209722
0 0.009375 0.765278 0.017188 0.119444
0 0.188281 0.967361 0.129688 0.065278
0 0.242188 0.818056 0.051562 0.075000
0 0.328125 0.918750 0.039062 0.054167
0 0.212109 0.065972 0.067969 0.129167
0 0.247656 0.281250 0.075000 0.156944
0 0.307812 0.163889 0.043750 0.111111
0 0.259375 0.251389 0.109375 0.483333
0 0.383984 0.149306 0.053906 0.087500
0 0.367578 0.353472 0.171094 0.337500
0 0.374609 0.524306 0.058594 0.073611
0 0.457422 0.486111 0.078906 0.136111
0 0.450000 0.758333 0.021875 0.030556
0 0.475781 0.761111 0.090625 0.183333
0 0.547656 0.549306 0.039062 0.059722
0 0.571484 0.657639 0.096094 0.198611
0 0.608594 0.536111 0.057813 0.086111
0 0.501953 0.076389 0.117969 0.150000
0 0.610938 0.027083 0.059375 0.051389
0 0.596484 0.341667 0.049219 0.072222
0 0.648047 0.311806 0.042969 0.104167
0 0.677734 0.315972 0.041406 0.087500
0 0.719531 0.305556 0.057813 0.119444
0 0.664062 0.564583 0.039062 0.059722
0 0.664453 0.608333 0.030469 0.038889
0 0.687109 0.609722 0.075781 0.136111
0 0.739844 0.466667 0.025000 0.050000
0 0.727344 0.049306 0.043750 0.068056
0 0.772266 0.524306 0.103906 0.187500
0 0.761328 0.151389 0.049219 0.108333
0 0.807813 0.304861 0.039062 0.084722
0 0.842969 0.356250 0.046875 0.056944
0 0.858594 0.443056 0.082812 0.116667
0 0.850391 0.222917 0.107031 0.168056
0 0.891016 0.122917 0.078906 0.118056
0 0.951562 0.218750 0.043750 0.093056
0 0.982422 0.152778 0.033594 0.116667
0 0.929297 0.299306 0.138281 0.134722
