0 0.126172 0.510417 0.152344 0.270833
0 0.294531 0.465972 0.167187 0.304167
0 0.155469 0.799306 0.093750 0.148611
0 0.081250 0.855556 0.160938 0.288889
0 0.426953 0.818056 0.157031 0.280556
0 0.533203 0.144444 0.144531 0.286111
0 0.657422 0.506944 0.117969 0.302778
0 0.750781 0.283333 0.078125 0.177778
0 0.674609 0.398611 0.221094 0.794444
0 0.849219 0.259722 0.087500 0.138889
0 0.845703 0.807639 0.067969 0.084722
0 0.926562 0.737500 0.076563 0.191667
0 0.830469 0.561111 0.234375 0.541667
0 0.950391 0.126389 0.099219 0.250000
0 0.949219 0.741667 0.042188 0.075000
0 0.914062 0.942361 0.075000 0.115278
0 0.969922 0.877083 0.060156 0.159722
0 0.989453 0.751389 0.021094 0.097222
