0 0.048828 0.268750 0.096094 0.409722
0 0.355469 0.815972 0.096875 0.170833
0 0.484766 0.902083 0.060156 0.109722
0 0.582422 0.546528 0.030469 0.051389
0 0.454688 0.181250 0.081250 0.131944
0 0.640625 0.197917 0.037500 0.079167
0 0.602344 0.545833 0.109375 0.300000
0 0.683594 0.178472 0.046875 0.115278
0 0.719141 0.238194 0.038281 0.079167
0 0.673047 0.362500 0.105469 0.277778
0 0.791797 0.200000 0.074219 0.188889
0 0.739844 0.289583 0.065625 0.168056
0 0.245312 0.089583 0.076563 0.176389
0 0.420703 0.094444 0.200781 0.186111
0 0.547656 0.111806 0.089063 0.165278
0 0.755469 0.099306 0.034375 0.059722
