0 0.721875 0.057639 0.284375 0.112500
0 0.414844 0.400694 0.117188 0.270833
0 0.142578 0.095833 0.152344 0.111111
0 0.714063 0.255556 0.139063 0.219444
0 0.335938 0.722917 0.176563 0.226389
0 0.210547 0.677778 0.085156 0.136111
0 0.139844 0.722917 0.070312 0.126389
0 0.314063 0.834028 0.082812 0.126389
0 0.521875 0.418056 0.135937 0.186111
0 0.528125 0.699306 0.090625 0.106944
0 0.830078 0.663889 0.075781 0.075000
0 0.964844 0.580556 0.070312 0.158333
0 0.709766 0.722917 0.160156 0.343056
0 0.186719 0.545833 0.165625 0.122222
0 0.900000 0.838889 0.051562 0.100000
0 0.361719 0.954167 0.134375 0.091667
0 0.167187 0.877083 0.134375 0.159722
0 0.539062 0.853472 0.198437 0.198611
0 0.373437 0.765972 0.078125 0.098611
0 0.425000 0.931944 0.053125 0.063889
