0 0.231641 0.174306 0.130469 0.312500
0 0.069922 0.570139 0.133594 0.279167
0 0.007031 0.665972 0.012500 0.126389
0 0.019531 0.876389 0.037500 0.152778
0 0.218359 0.873611 0.146094 0.252778
0 0.390234 0.550694 0.124219 0.290278
0 0.463281 0.318056 0.081250 0.216667
0 0.408984 0.445139 0.222656 0.787500
0 0.590625 0.260417 0.092188 0.148611
0 0.652734 0.799306 0.064844 0.112500
0 0.743359 0.705556 0.107031 0.183333
0 0.627344 0.569444 0.240625 0.561111
0 0.722656 0.111111 0.168750 0.219444
0 0.815625 0.029861 0.067187 0.056944
0 0.883203 0.434722 0.050781 0.105556
0 0.842578 0.707639 0.039844 0.079167
0 0.744531 0.981250 0.031250 0.034722
0 0.782813 0.930556 0.067187 0.138889
0 0.897656 0.654861 0.037500 0.109722
0 0.862891 0.806250 0.092969 0.229167
0 0.933594 0.645139 0.035937 0.076389
0 0.946094 0.694444 0.057813 0.133333
0 0.906250 0.364583 0.026562 0.123611
0 0.928516 0.367361 0.038281 0.106944
0 0.960547 0.321528 0.024219 0.159722
0 0.982422 0.518750 0.033594 0.073611
