0 0.014844 0.943056 0.028125 0.113889
0 0.272656 0.928472 0.090625 0.140278
0 0.131641 0.890972 0.110156 0.137500
0 0.273438 0.541667 0.193750 0.491667
0 0.477344 0.271528 0.104688 0.168056
0 0.669922 0.813194 0.082031 0.123611
0 0.723828 0.669444 0.041406 0.194444
0 0.767969 0.621528 0.034375 0.159722
0 0.808203 0.520139 0.039844 0.218056
0 0.885938 0.676389 0.029687 0.047222
0 0.933594 0.689583 0.062500 0.337500
0 0.024219 0.370833 0.046875 0.286111
0 0.073438 0.310417 0.087500 0.179167
0 0.780859 0.961111 0.046094 0.077778
0 0.402734 0.504167 0.086719 0.127778
0 0.156250 0.122222 0.065625 0.152778
0 0.846484 0.899306 0.049219 0.093056
0 0.887500 0.894444 0.065625 0.211111
0 0.763672 0.220139 0.078906 0.162500
0 0.647656 0.108333 0.079687 0.147222
0 0.923047 0.390278 0.055469 0.102778
0 0.882031 0.372917 0.045312 0.109722
0 0.953906 0.444444 0.059375 0.180556
0 0.861719 0.143056 0.134375 0.263889
0 0.616406 0.144444 0.167187 0.250000
0 0.887500 0.174306 0.187500 0.315278
