0 0.139453 0.924306 0.167969 0.151389
0 0.251953 0.947222 0.096094 0.105556
0 0.301953 0.636806 0.130469 0.256944
0 0.291406 0.190278 0.309375 0.377778
0 0.523047 0.409722 0.082031 0.163889
0 0.465625 0.371528 0.235937 0.298611
0 0.624609 0.445833 0.086719 0.186111
0 0.539453 0.886111 0.046094 0.163889
0 0.572656 0.813889 0.045312 0.158333
0 0.616797 0.701389 0.046094 0.233333
0 0.715234 0.335417 0.158594 0.273611
0 0.760547 0.127778 0.121094 0.147222
0 0.842578 0.133333 0.055469 0.138889
0 0.719141 0.749306 0.094531 0.284722
0 0.691016 0.515972 0.046094 0.112500
0 0.693359 0.942361 0.050781 0.115278
