0 0.143359 0.231250 0.089844 0.240278
0 0.022656 0.455556 0.043750 0.288889
0 0.065625 0.866667 0.128125 0.266667
0 0.218750 0.600694 0.109375 0.231944
0 0.283203 0.417361 0.071094 0.145833
0 0.368750 0.461806 0.060937 0.115278
0 0.239844 0.590972 0.160938 0.790278
0 0.455078 0.972917 0.077344 0.054167
0 0.537891 0.913194 0.080469 0.173611
0 0.427734 0.744444 0.205469 0.502778
0 0.471094 0.345139 0.131250 0.281944
0 0.554297 0.277083 0.047656 0.118056
0 0.628906 0.696528 0.060937 0.093056
0 0.640234 0.956250 0.052344 0.084722
0 0.674219 0.969444 0.070312 0.061111
0 0.687500 0.910417 0.039062 0.112500
0 0.722266 0.923611 0.038281 0.083333
0 0.755078 0.944444 0.057031 0.111111
0 0.760547 0.761111 0.033594 0.055556
0 0.657031 0.619444 0.021875 0.133333
0 0.679297 0.629167 0.032031 0.105556
0 0.706250 0.604167 0.034375 0.158333
0 0.661719 0.242361 0.048438 0.093056
0 0.640625 0.272917 0.126562 0.184722
0 0.700781 0.352083 0.060937 0.143056
0 0.805859 0.172222 0.080469 0.127778
0 0.785937 0.350694 0.109375 0.215278
0 0.868750 0.214583 0.046875 0.109722
0 0.779297 0.523611 0.036719 0.105556
0 0.794531 0.825694 0.078125 0.240278
0 0.812891 0.576389 0.060156 0.072222
0 0.819141 0.327778 0.233594 0.258333
0 0.171484 0.075694 0.116406 0.148611
0 0.316016 0.090972 0.063281 0.176389
0 0.360938 0.110417 0.062500 0.137500
0 0.406641 0.047917 0.044531 0.093056
0 0.580469 0.077778 0.104688 0.152778
