0 0.062891 0.298611 0.074219 0.136111
0 0.065234 0.095833 0.113281 0.169444
0 0.207031 0.056944 0.092188 0.111111
0 0.273828 0.275000 0.125781 0.258333
0 0.064453 0.494444 0.127344 0.361111
0 0.134766 0.863194 0.094531 0.090278
0 0.375781 0.890972 0.182812 0.193056
0 0.485156 0.672222 0.068750 0.100000
0 0.596484 0.782639 0.055469 0.068056
0 0.471094 0.063889 0.098437 0.125000
0 0.525391 0.150000 0.142969 0.297222
0 0.704297 0.342361 0.066406 0.093056
0 0.810547 0.327778 0.085156 0.166667
0 0.699219 0.176389 0.237500 0.350000
0 0.775000 0.635417 0.021875 0.048611
0 0.800391 0.643750 0.111719 0.181944
0 0.907422 0.427778 0.042969 0.072222
0 0.963281 0.429167 0.046875 0.094444
0 0.912109 0.559028 0.086719 0.206944
0 0.964063 0.212500 0.050000 0.086111
0 0.983984 0.500000 0.032031 0.050000
0 0.993359 0.224306 0.013281 0.081944
0 0.987500 0.553472 0.025000 0.081944
0 0.009766 0.786111 0.017969 0.094444
