0 0.067969 0.114583 0.134375 0.226389
0 0.082031 0.369444 0.110937 0.169444
0 0.051562 0.590972 0.101562 0.345833
0 0.018359 0.875694 0.035156 0.159722
0 0.301172 0.035417 0.086719 0.068056
0 0.423438 0.297222 0.193750 0.358333
0 0.520703 0.912500 0.221094 0.175000
0 0.769531 0.052778 0.115625 0.102778
0 0.757031 0.147917 0.139063 0.293056
0 0.890234 0.184028 0.219531 0.365278
0 0.973437 0.342361 0.053125 0.145833
0 0.902344 0.372917 0.060937 0.043056
0 0.914062 0.607639 0.018750 0.020833
0 0.928125 0.609028 0.103125 0.168056
0 0.987109 0.568056 0.025781 0.133333
0 0.226953 0.954167 0.125781 0.072222
