0 0.329688 0.459028 0.134375 0.356944
0 0.044531 0.068056 0.087500 0.133333
0 0.697266 0.212500 0.169531 0.280556
0 0.269141 0.864583 0.203906 0.201389
0 0.127734 0.808333 0.085156 0.136111
0 0.077734 0.900694 0.080469 0.109722
0 0.468359 0.446528 0.166406 0.231944
0 0.476953 0.822917 0.116406 0.087500
0 0.826953 0.702778 0.075781 0.075000
0 0.966797 0.565278 0.066406 0.147222
0 0.688281 0.798611 0.195312 0.394444
0 0.090234 0.640278 0.178906 0.155556
0 0.892188 0.872222 0.057813 0.108333
0 0.288672 0.895139 0.103906 0.101389
0 0.492578 0.923611 0.214844 0.152778
0 0.242969 0.966667 0.073438 0.066667
