0 0.151172 0.441667 0.085156 0.172222
0 0.159375 0.228472 0.176563 0.454167
0 0.147266 0.663194 0.044531 0.076389
0 0.040234 0.515278 0.050781 0.105556
0 0.257422 0.638889 0.057031 0.091667
0 0.903516 0.602083 0.192969 0.795833
0 0.088281 0.870139 0.031250 0.081944
0 0.066016 0.753472 0.100781 0.137500
0 0.076563 0.913889 0.039062 0.088889
0 0.050000 0.959028 0.081250 0.081944
0 0.039062 0.048611 0.054688 0.094444
0 0.347656 0.926389 0.148438 0.147222
0 0.507031 0.831250 0.078125 0.129167
0 0.044531 0.898611 0.037500 0.058333
0 0.479687 0.951389 0.092188 0.088889
