0 0.030859 0.905556 0.060156 0.183333
0 0.039062 0.693056 0.076563 0.183333
0 0.350781 0.751389 0.165625 0.497222
0 0.185547 0.564583 0.110156 0.137500
0 0.325000 0.210417 0.176563 0.418056
0 0.494141 0.034028 0.097656 0.065278
0 0.677344 0.459028 0.068750 0.115278
0 0.057031 0.843750 0.112500 0.312500
0 0.549219 0.891667 0.110937 0.216667
0 0.731250 0.804167 0.043750 0.108333
0 0.792188 0.677778 0.042188 0.119444
0 0.806641 0.871528 0.133594 0.256944
0 0.726953 0.345139 0.042969 0.179167
0 0.760938 0.315972 0.034375 0.134722
0 0.798438 0.243056 0.040625 0.188889
0 0.857422 0.608333 0.032031 0.083333
0 0.890625 0.629167 0.060937 0.191667
0 0.877344 0.395833 0.029687 0.047222
0 0.874219 0.025694 0.085938 0.048611
0 0.926562 0.415972 0.062500 0.337500
0 0.052734 0.155556 0.075781 0.225000
0 0.117969 0.088194 0.085938 0.165278
0 0.853125 0.118056 0.050000 0.111111
0 0.437891 0.188889 0.057031 0.097222
0 0.905078 0.139583 0.042969 0.106944
