0 0.169922 0.254861 0.172656 0.270833
0 0.317578 0.050000 0.230469 0.097222
0 0.219531 0.679167 0.054688 0.200000
0 0.144141 0.912500 0.116406 0.175000
0 0.048438 0.898611 0.089063 0.202778
0 0.658594 0.834028 0.120313 0.254167
0 0.643359 0.351389 0.338281 0.452778
0 0.854688 0.596528 0.075000 0.176389
0 0.815234 0.552083 0.191406 0.340278
0 0.808984 0.043750 0.138281 0.084722
0 0.969531 0.065972 0.060937 0.129167
0 0.921484 0.072917 0.047656 0.087500
0 0.863672 0.962500 0.036719 0.075000
0 0.899219 0.880556 0.031250 0.236111
0 0.927344 0.628472 0.053125 0.145833
0 0.720703 0.074306 0.063281 0.126389
