0 0.137500 0.184028 0.118750 0.331944
0 0.018750 0.619444 0.035937 0.269444
0 0.115234 0.887500 0.150781 0.225000
0 0.337500 0.314583 0.096875 0.193056
0 0.252734 0.559028 0.113281 0.270833
0 0.292578 0.450694 0.205469 0.787500
0 0.473828 0.243750 0.092969 0.143056
0 0.624219 0.687500 0.101562 0.194444
0 0.526563 0.775000 0.059375 0.113889
0 0.493359 0.546528 0.235156 0.593056
0 0.633203 0.103472 0.169531 0.204167
0 0.632812 0.967361 0.018750 0.043056
0 0.666406 0.915972 0.089063 0.168056
0 0.728125 0.681250 0.046875 0.081944
0 0.787500 0.616667 0.051562 0.105556
0 0.773047 0.402778 0.061719 0.091667
0 0.812891 0.335417 0.036719 0.131944
0 0.840234 0.334722 0.033594 0.119444
0 0.875000 0.297917 0.039062 0.165278
0 0.836328 0.028472 0.085156 0.054167
0 0.903125 0.097222 0.051562 0.136111
0 0.970703 0.153472 0.058594 0.198611
0 0.758984 0.786111 0.097656 0.238889
0 0.836719 0.617361 0.046875 0.076389
0 0.850781 0.656944 0.067187 0.175000
0 0.895703 0.472222 0.039844 0.058333
0 0.914844 0.513889 0.090625 0.225000
0 0.946094 0.260417 0.028125 0.101389
0 0.923828 0.181250 0.064844 0.076389
0 0.971094 0.310417 0.045312 0.076389
0 0.970313 0.399306 0.048438 0.129167
