0 0.041016 0.631250 0.080469 0.273611
0 0.040625 0.927083 0.079687 0.145833
0 0.181250 0.630556 0.142187 0.341667
0 0.260937 0.924306 0.107813 0.145833
0 0.341797 0.347222 0.091406 0.252778
0 0.322266 0.109722 0.222656 0.216667
0 0.507031 0.109028 0.075000 0.193056
0 0.566406 0.104861 0.068750 0.126389
0 0.506641 0.460417 0.082031 0.176389
0 0.465625 0.650000 0.125000 0.227778
0 0.468359 0.638194 0.191406 0.723611
0 0.617578 0.465278 0.072656 0.138889
0 0.705078 0.284028 0.138281 0.306944
0 0.771484 0.204861 0.064844 0.134722
0 0.723047 0.949306 0.060156 0.101389
0 0.796875 0.851389 0.082812 0.166667
0 0.695312 0.722222 0.207813 0.544444
0 0.880469 0.607639 0.053125 0.076389
0 0.886719 0.869444 0.045312 0.094444
0 0.928125 0.793750 0.037500 0.118056
0 0.924219 0.922917 0.073438 0.154167
0 0.898047 0.530556 0.022656 0.144444
0 0.924609 0.497917 0.027344 0.118056
0 0.941016 0.478472 0.032031 0.168056
0 0.855469 0.136111 0.048438 0.100000
0 0.840625 0.140278 0.101562 0.216667
0 0.958984 0.177083 0.082031 0.198611
