0 0.280469 0.800000 0.203125 0.400000
0 0.530078 0.525694 0.128906 0.218056
0 0.775391 0.902778 0.041406 0.194444
0 0.820703 0.856250 0.042969 0.179167
0 0.859766 0.730556 0.041406 0.247222
0 0.925781 0.847222 0.029687 0.047222
0 0.964844 0.831250 0.062500 0.337500
0 0.023047 0.597222 0.044531 0.286111
0 0.063281 0.572917 0.092188 0.223611
0 0.427734 0.815278 0.086719 0.127778
0 0.157812 0.350694 0.067187 0.195833
0 0.829688 0.441667 0.079687 0.163889
0 0.716406 0.308333 0.079687 0.147222
0 0.978906 0.538194 0.042188 0.140278
0 0.935156 0.550694 0.045312 0.109722
0 0.921484 0.294444 0.121094 0.294444
0 0.669922 0.311111 0.186719 0.344444
0 0.913672 0.075000 0.082031 0.147222
0 0.126562 0.080556 0.118750 0.155556
0 0.442578 0.147222 0.211719 0.291667
0 0.983203 0.074306 0.033594 0.145833
0 0.930859 0.354167 0.138281 0.355556
