0 0.412500 0.217361 0.428125 0.431944
0 0.832422 0.877083 0.335156 0.243056
0 0.369531 0.426389 0.160938 0.286111
0 0.194141 0.584722 0.091406 0.136111
0 0.506250 0.661806 0.051562 0.109722
0 0.457031 0.828472 0.090625 0.159722
0 0.377344 0.798611 0.100000 0.183333
0 0.140234 0.022222 0.091406 0.041667
0 0.109766 0.765972 0.046094 0.076389
0 0.233203 0.838889 0.160156 0.130556
0 0.106641 0.893750 0.092969 0.212500
0 0.028125 0.193750 0.050000 0.179167
0 0.027734 0.605556 0.044531 0.119444
0 0.014844 0.436111 0.028125 0.088889
0 0.012891 0.329167 0.024219 0.125000
