0 0.130469 0.266667 0.064062 0.125000
0 0.134375 0.068750 0.103125 0.134722
0 0.282813 0.045833 0.084375 0.088889
0 0.344922 0.257639 0.107031 0.223611
0 0.091016 0.446528 0.180469 0.387500
0 0.163672 0.861806 0.094531 0.090278
0 0.405469 0.860417 0.175000 0.201389
0 0.504687 0.647917 0.064062 0.095833
0 0.603125 0.768750 0.042188 0.070833
0 0.510938 0.066667 0.098437 0.130556
0 0.551172 0.149306 0.122656 0.295833
0 0.694531 0.325000 0.057813 0.097222
0 0.782813 0.313194 0.070312 0.137500
0 0.685547 0.170139 0.208594 0.337500
0 0.759375 0.616667 0.015625 0.041667
0 0.788672 0.626389 0.103906 0.191667
0 0.873828 0.401389 0.042969 0.072222
0 0.937500 0.395833 0.046875 0.094444
0 0.882422 0.545139 0.086719 0.206944
0 0.921094 0.198611 0.051562 0.075000
0 0.974609 0.472222 0.032031 0.050000
0 0.964844 0.184722 0.034375 0.094444
0 0.986328 0.210417 0.027344 0.093056
0 0.975000 0.545139 0.050000 0.087500
0 0.014453 0.768750 0.027344 0.151389
