0 0.102734 0.454861 0.153906 0.251389
0 0.018750 0.071528 0.035937 0.140278
0 0.112500 0.034722 0.064062 0.066667
0 0.253906 0.181944 0.260937 0.358333
0 0.145313 0.874306 0.065625 0.193056
0 0.630469 0.338194 0.076563 0.162500
0 0.714453 0.195833 0.175781 0.297222
0 0.828906 0.112500 0.075000 0.161111
0 0.842187 0.288889 0.054688 0.097222
0 0.909375 0.133333 0.035937 0.058333
0 0.931641 0.172917 0.136719 0.306944
0 0.758203 0.818056 0.075781 0.169444
0 0.563672 0.950694 0.122656 0.098611
0 0.546875 0.583333 0.321875 0.425000
0 0.730469 0.763889 0.203125 0.327778
0 0.834766 0.836111 0.080469 0.169444
0 0.926172 0.670139 0.117969 0.290278
0 0.946875 0.450000 0.106250 0.205556
