0 0.110937 0.295833 0.064062 0.125000
0 0.111719 0.089583 0.093750 0.176389
0 0.251563 0.065972 0.085938 0.129167
0 0.315234 0.286806 0.107031 0.223611
0 0.084766 0.479167 0.167969 0.386111
0 0.150391 0.884028 0.094531 0.090278
0 0.379688 0.870139 0.175000 0.201389
0 0.469531 0.660417 0.064062 0.095833
0 0.569531 0.772917 0.042188 0.070833
0 0.482031 0.067361 0.098437 0.131944
0 0.505078 0.145139 0.117969 0.287500
0 0.651563 0.338889 0.057813 0.097222
0 0.731250 0.318750 0.070312 0.137500
0 0.637500 0.174306 0.196875 0.345833
0 0.721484 0.605556 0.021094 0.030556
0 0.746094 0.616667 0.103125 0.191667
0 0.829297 0.404167 0.042969 0.072222
0 0.885938 0.395833 0.046875 0.094444
0 0.848047 0.528472 0.086719 0.206944
0 0.878125 0.198611 0.051562 0.075000
0 0.864062 0.462500 0.039062 0.069444
0 0.929297 0.451389 0.032031 0.050000
0 0.937500 0.509722 0.059375 0.113889
0 0.917188 0.176389 0.034375 0.094444
0 0.946484 0.193750 0.033594 0.084722
0 0.979297 0.190972 0.041406 0.118056
0 0.984375 0.371528 0.031250 0.051389
0 0.979688 0.484028 0.040625 0.087500
