0 0.291406 0.481944 0.201563 0.272222
0 0.156641 0.054861 0.080469 0.106944
0 0.312500 0.031944 0.064062 0.061111
0 0.464844 0.212500 0.289062 0.422222
0 0.321094 0.903472 0.065625 0.193056
0 0.819141 0.473611 0.058594 0.130556
0 0.890625 0.334028 0.134375 0.301389
0 0.978125 0.250000 0.043750 0.169444
0 0.983984 0.454167 0.032031 0.083333
0 0.880859 0.913194 0.057031 0.126389
0 0.690234 0.988889 0.053906 0.022222
0 0.743750 0.706944 0.275000 0.352778
0 0.846875 0.853472 0.189062 0.293056
0 0.106250 0.947222 0.071875 0.105556
0 0.903516 0.050000 0.110156 0.097222
