0 0.147656 0.020139 0.070312 0.037500
0 0.501172 0.181250 0.296094 0.359722
0 0.175000 0.285417 0.070312 0.276389
0 0.372266 0.743056 0.227344 0.475000
0 0.073047 0.354167 0.049219 0.125000
0 0.089844 0.806250 0.032813 0.068056
0 0.033203 0.078472 0.064844 0.154167
0 0.025391 0.336806 0.049219 0.181944
0 0.042578 0.711806 0.030469 0.059722
0 0.019141 0.418750 0.036719 0.106944
0 0.053906 0.881944 0.017188 0.033333
0 0.015625 0.761806 0.029687 0.165278
0 0.039062 0.894444 0.032813 0.097222
0 0.010547 0.536806 0.019531 0.101389
