0 0.433984 0.214583 0.389844 0.426389
0 0.834766 0.881250 0.330469 0.234722
0 0.393750 0.397222 0.160938 0.286111
0 0.216797 0.526389 0.091406 0.136111
0 0.520703 0.643056 0.046094 0.086111
0 0.471094 0.782639 0.090625 0.159722
0 0.394531 0.759722 0.095312 0.194444
0 0.130078 0.707639 0.046094 0.076389
0 0.261328 0.797222 0.152344 0.150000
0 0.128516 0.846528 0.092969 0.212500
0 0.060547 0.140972 0.050781 0.179167
0 0.046875 0.543056 0.045312 0.119444
0 0.030859 0.371528 0.060156 0.101389
0 0.026562 0.258333 0.051562 0.158333
0 0.212500 0.937500 0.056250 0.069444
0 0.295703 0.921528 0.071094 0.098611
