0 0.609375 0.211806 0.271875 0.420833
0 0.882422 0.234028 0.235156 0.465278
0 0.416406 0.570139 0.092188 0.234722
0 0.194531 0.278472 0.123438 0.145833
0 0.668359 0.494444 0.102344 0.172222
0 0.370703 0.811806 0.155469 0.212500
0 0.243359 0.727083 0.080469 0.118056
0 0.183594 0.768750 0.070312 0.126389
0 0.262891 0.870139 0.086719 0.104167
0 0.039062 0.505556 0.046875 0.075000
0 0.500391 0.575694 0.075781 0.129167
0 0.383203 0.834028 0.064844 0.073611
0 0.797266 0.831250 0.083594 0.073611
0 0.933984 0.780556 0.075781 0.122222
0 0.696875 0.856250 0.117188 0.287500
0 0.026953 0.645139 0.052344 0.165278
0 0.224609 0.616667 0.142969 0.130556
0 0.873828 0.971528 0.060156 0.056944
