0 0.266406 0.473611 0.201563 0.272222
0 0.135937 0.061806 0.067187 0.120833
0 0.285156 0.032639 0.064062 0.062500
0 0.435547 0.195833 0.272656 0.388889
0 0.296094 0.893750 0.065625 0.193056
0 0.798438 0.442361 0.076563 0.162500
0 0.871094 0.338194 0.176563 0.298611
0 0.962500 0.245833 0.075000 0.161111
0 0.972656 0.432639 0.054688 0.098611
0 0.865625 0.904167 0.076563 0.169444
0 0.678125 0.979167 0.078125 0.041667
0 0.730469 0.676389 0.279687 0.416667
0 0.840234 0.853472 0.188281 0.293056
0 0.930078 0.912500 0.080469 0.169444
0 0.099219 0.947222 0.071875 0.105556
0 0.891797 0.042361 0.097656 0.081944
