0 0.151953 0.081944 0.082031 0.161111
0 0.023828 0.215278 0.046094 0.286111
0 0.060156 0.784722 0.118750 0.430556
0 0.203125 0.411806 0.109375 0.231944
0 0.278516 0.262500 0.071094 0.144444
0 0.346094 0.315278 0.060937 0.113889
0 0.232422 0.436806 0.135156 0.840278
0 0.407422 0.887500 0.074219 0.130556
0 0.495703 0.809028 0.080469 0.173611
0 0.386328 0.616667 0.210156 0.513889
0 0.451562 0.208333 0.131250 0.280556
0 0.527734 0.168750 0.041406 0.115278
0 0.586719 0.593750 0.060937 0.093056
0 0.583203 0.881250 0.052344 0.084722
0 0.622656 0.936111 0.096875 0.127778
0 0.626563 0.840972 0.039062 0.112500
0 0.667578 0.858333 0.038281 0.083333
0 0.691016 0.913889 0.053906 0.172222
0 0.703516 0.713889 0.033594 0.055556
0 0.610156 0.529861 0.026562 0.115278
0 0.634766 0.554167 0.032031 0.105556
0 0.666406 0.523611 0.034375 0.158333
0 0.639844 0.152083 0.048438 0.093056
0 0.614844 0.167361 0.126562 0.184722
0 0.681250 0.286111 0.060937 0.141667
0 0.787500 0.109722 0.079687 0.127778
0 0.752734 0.279167 0.108594 0.213889
0 0.851562 0.171528 0.046875 0.109722
0 0.733984 0.461111 0.036719 0.105556
0 0.737891 0.784028 0.077344 0.240278
0 0.759766 0.505556 0.060156 0.072222
0 0.776563 0.283333 0.232813 0.258333
