0 0.140625 0.206944 0.145313 0.294444
0 0.293359 0.541667 0.185156 0.311111
0 0.041016 0.764583 0.080469 0.265278
0 0.551953 0.886806 0.072656 0.109722
0 0.659766 0.953472 0.055469 0.068056
0 0.551562 0.234722 0.242188 0.466667
0 0.767578 0.521528 0.074219 0.093056
0 0.874219 0.452083 0.092188 0.184722
0 0.758984 0.269444 0.252344 0.536111
0 0.832812 0.746528 0.021875 0.048611
0 0.857031 0.751389 0.114062 0.191667
0 0.955469 0.638194 0.089063 0.209722
0 0.985156 0.243750 0.029687 0.087500
0 0.512891 0.161806 0.161719 0.306944
0 0.044531 0.574306 0.070312 0.148611
0 0.034375 0.333333 0.067187 0.205556
0 0.014844 0.970139 0.028125 0.056944
0 0.953516 0.502778 0.044531 0.094444
