0 0.138672 0.374306 0.172656 0.270833
0 0.298047 0.111806 0.263281 0.220833
0 0.165625 0.806944 0.054688 0.200000
0 0.096875 0.970139 0.078125 0.059722
0 0.022266 0.948611 0.042969 0.102778
0 0.592969 0.913889 0.115625 0.172222
0 0.594922 0.478472 0.338281 0.454167
0 0.796875 0.742361 0.075000 0.176389
0 0.761328 0.670139 0.191406 0.340278
0 0.765234 0.104861 0.172656 0.206944
0 0.956641 0.045139 0.035156 0.056944
0 0.897266 0.190972 0.047656 0.087500
0 0.857812 0.936806 0.039062 0.126389
0 0.875781 0.755556 0.075000 0.191667
0 0.974219 0.389583 0.051562 0.193056
0 0.688281 0.204167 0.067187 0.138889
0 0.885156 0.040972 0.051562 0.079167
0 0.942578 0.590278 0.114844 0.283333
