0 0.091406 0.459028 0.125000 0.343056
0 0.193359 0.846528 0.153906 0.284722
0 0.267578 0.215278 0.092969 0.244444
0 0.282813 0.060417 0.128125 0.118056
0 0.450391 0.052778 0.061719 0.102778
0 0.505859 0.051389 0.060156 0.100000
0 0.546094 0.395833 0.079687 0.116667
0 0.439063 0.359722 0.084375 0.177778
0 0.387500 0.530556 0.123438 0.225000
0 0.405859 0.556944 0.189844 0.780556
0 0.724219 0.187500 0.060937 0.119444
0 0.641016 0.245139 0.130469 0.287500
0 0.647656 0.927778 0.070312 0.097222
0 0.739062 0.839583 0.076563 0.190278
0 0.832031 0.607639 0.054688 0.090278
0 0.612500 0.684722 0.198437 0.519444
0 0.848437 0.534722 0.028125 0.125000
0 0.873437 0.542361 0.031250 0.109722
0 0.898047 0.504861 0.027344 0.154167
0 0.835547 0.888889 0.036719 0.091667
0 0.875781 0.838889 0.031250 0.113889
0 0.871094 0.943056 0.082812 0.113889
0 0.915234 0.848611 0.036719 0.080556
0 0.937109 0.888889 0.049219 0.175000
0 0.824609 0.136111 0.041406 0.075000
0 0.794922 0.159722 0.111719 0.205556
0 0.881250 0.259028 0.067187 0.109722
0 0.943750 0.066667 0.073438 0.127778
0 0.951172 0.677778 0.033594 0.050000
0 0.926562 0.222917 0.106250 0.220833
