0 0.010156 0.016667 0.018750 0.030556
0 0.051562 0.213889 0.101562 0.202778
0 0.017188 0.431250 0.032813 0.104167
0 0.405469 0.135417 0.221875 0.268056
0 0.491797 0.861806 0.167969 0.226389
0 0.685156 0.586111 0.070312 0.102778
0 0.733594 0.043056 0.067187 0.083333
0 0.896875 0.106250 0.206250 0.209722
0 0.983203 0.229167 0.033594 0.136111
0 0.924219 0.224306 0.059375 0.070833
0 0.937891 0.510417 0.014844 0.031944
0 0.952734 0.513889 0.094531 0.177778
0 0.198828 0.893056 0.125781 0.072222
0 0.764844 0.684028 0.062500 0.059722
0 0.125000 0.634028 0.096875 0.215278
