0 0.042188 0.070139 0.082812 0.137500
0 0.051953 0.294444 0.102344 0.202778
0 0.031641 0.536111 0.061719 0.241667
0 0.403125 0.175000 0.226562 0.347222
0 0.521875 0.870833 0.223438 0.216667
0 0.685156 0.606944 0.070312 0.102778
0 0.733984 0.083333 0.067969 0.163889
0 0.894141 0.125694 0.211719 0.248611
0 0.977344 0.250000 0.045312 0.116667
0 0.910937 0.263194 0.060937 0.043056
0 0.925781 0.519444 0.012500 0.027778
0 0.945312 0.527083 0.103125 0.168056
0 0.990625 0.485417 0.018750 0.106944
0 0.218359 0.905556 0.125781 0.072222
0 0.760156 0.696528 0.062500 0.059722
0 0.156641 0.717361 0.080469 0.145833
