0 0.055469 0.631944 0.109375 0.516667
0 0.033203 0.124306 0.064844 0.245833
0 0.233984 0.195833 0.108594 0.233333
0 0.357812 0.117361 0.068750 0.118056
0 0.241797 0.352778 0.138281 0.700000
0 0.412891 0.711111 0.069531 0.119444
0 0.492188 0.636806 0.085938 0.173611
0 0.389844 0.426389 0.195312 0.547222
0 0.473047 0.069444 0.128906 0.136111
0 0.582812 0.431250 0.060937 0.087500
0 0.571484 0.731944 0.046094 0.097222
0 0.564844 0.952778 0.042188 0.094444
0 0.621094 0.693750 0.034375 0.126389
0 0.658984 0.737500 0.042969 0.080556
0 0.614062 0.863194 0.093750 0.273611
0 0.676953 0.789583 0.057031 0.165278
0 0.610547 0.353472 0.024219 0.109722
0 0.629687 0.387500 0.026562 0.111111
0 0.660156 0.366667 0.039062 0.158333
0 0.541797 0.026389 0.032031 0.050000
0 0.694531 0.578472 0.035937 0.056944
0 0.726562 0.643056 0.079687 0.277778
0 0.725781 0.311111 0.042188 0.100000
0 0.610938 0.043056 0.082812 0.083333
0 0.672656 0.116667 0.064062 0.127778
0 0.744141 0.143750 0.111719 0.206944
0 0.795703 0.154167 0.197656 0.205556
0 0.762500 0.377083 0.050000 0.098611
0 0.773828 0.486111 0.066406 0.166667
