0 0.319531 0.484028 0.134375 0.356944
0 0.053125 0.150000 0.087500 0.133333
0 0.701172 0.220833 0.169531 0.280556
0 0.269141 0.864583 0.203906 0.201389
0 0.126172 0.837500 0.085156 0.136111
0 0.079297 0.920139 0.080469 0.109722
0 0.470703 0.468750 0.166406 0.231944
0 0.473828 0.840972 0.116406 0.087500
0 0.830078 0.712500 0.075781 0.075000
0 0.966797 0.549306 0.066406 0.179167
0 0.682813 0.802778 0.195312 0.394444
0 0.089844 0.676389 0.178125 0.155556
0 0.892969 0.875000 0.057813 0.108333
0 0.288672 0.895139 0.103906 0.101389
0 0.491016 0.923611 0.214844 0.152778
0 0.239844 0.966667 0.073438 0.066667
