0 0.274219 0.972917 0.081250 0.054167
0 0.138281 0.953472 0.112500 0.093056
0 0.278125 0.631944 0.193750 0.491667
0 0.500781 0.335417 0.120313 0.190278
0 0.695703 0.897917 0.082031 0.123611
0 0.748047 0.733333 0.041406 0.194444
0 0.789062 0.681250 0.034375 0.159722
0 0.834766 0.578472 0.039844 0.218056
0 0.901563 0.725000 0.029687 0.047222
0 0.950781 0.738194 0.062500 0.337500
0 0.023828 0.445833 0.046094 0.286111
0 0.071875 0.395139 0.087500 0.179167
0 0.416797 0.593056 0.086719 0.127778
0 0.161719 0.190278 0.065625 0.152778
0 0.869141 0.945139 0.049219 0.093056
0 0.909766 0.902778 0.047656 0.166667
0 0.786328 0.271528 0.078906 0.162500
0 0.671094 0.159722 0.079687 0.147222
0 0.942578 0.426389 0.055469 0.102778
0 0.907813 0.418750 0.045312 0.109722
0 0.965625 0.480556 0.059375 0.180556
0 0.880469 0.197222 0.134375 0.263889
0 0.635156 0.156944 0.167187 0.250000
0 0.906250 0.171528 0.187500 0.315278
