0 0.394141 0.413194 0.125781 0.337500
0 0.102344 0.086806 0.142187 0.145833
0 0.737891 0.210417 0.149219 0.240278
0 0.344141 0.767361 0.203906 0.201389
0 0.190234 0.727778 0.085156 0.136111
0 0.121875 0.782639 0.070312 0.126389
0 0.300781 0.879861 0.082812 0.126389
0 0.524219 0.404167 0.160938 0.205556
0 0.523828 0.744444 0.099219 0.086111
0 0.853516 0.655556 0.075781 0.075000
0 0.976172 0.566667 0.047656 0.130556
0 0.721875 0.729861 0.171875 0.362500
0 0.153516 0.561111 0.178906 0.133333
0 0.910156 0.843056 0.051562 0.100000
0 0.153906 0.914583 0.134375 0.159722
0 0.539062 0.888194 0.210938 0.209722
0 0.365625 0.807639 0.078125 0.098611
0 0.424219 0.966667 0.053125 0.063889
