0 0.119922 0.138889 0.130469 0.258333
0 0.255078 0.443056 0.161719 0.269444
0 0.055469 0.710417 0.109375 0.234722
0 0.433984 0.956944 0.207031 0.086111
0 0.538672 0.797917 0.072656 0.109722
0 0.655859 0.874306 0.055469 0.068056
0 0.541406 0.202778 0.162500 0.402778
0 0.758203 0.399306 0.072656 0.118056
0 0.865625 0.367361 0.092188 0.184722
0 0.742188 0.217361 0.275000 0.431944
0 0.832031 0.672917 0.021875 0.048611
0 0.856250 0.672222 0.114062 0.191667
0 0.955469 0.578472 0.089063 0.209722
0 0.985156 0.184028 0.029687 0.087500
0 0.466406 0.106250 0.164062 0.209722
0 0.035937 0.507639 0.070312 0.148611
0 0.025391 0.280556 0.049219 0.177778
0 0.011719 0.945139 0.021875 0.106944
0 0.954297 0.427778 0.044531 0.094444
