0 0.086328 0.449306 0.150781 0.226389
0 0.012891 0.058333 0.024219 0.113889
0 0.107031 0.036111 0.064062 0.069444
0 0.229687 0.180556 0.260937 0.358333
0 0.114062 0.874306 0.065625 0.193056
0 0.603906 0.326389 0.076563 0.161111
0 0.692578 0.175000 0.175781 0.297222
0 0.808984 0.084722 0.074219 0.141667
0 0.822656 0.276389 0.054688 0.097222
0 0.891406 0.116667 0.035937 0.058333
0 0.915234 0.154167 0.136719 0.305556
0 0.730859 0.801389 0.075781 0.169444
0 0.531641 0.950694 0.122656 0.098611
0 0.519531 0.580556 0.321875 0.425000
0 0.678906 0.745833 0.203125 0.327778
0 0.808203 0.804167 0.080469 0.169444
0 0.891797 0.645139 0.117969 0.290278
0 0.934375 0.444444 0.106250 0.205556
