0 0.148047 0.190972 0.089844 0.240278
0 0.023047 0.377778 0.044531 0.288889
0 0.055859 0.834028 0.108594 0.331944
0 0.225781 0.545139 0.109375 0.231944
0 0.285547 0.384028 0.071094 0.145833
0 0.364063 0.425694 0.060937 0.115278
0 0.238672 0.537500 0.147656 0.838889
0 0.436719 0.959028 0.067187 0.081944
0 0.519922 0.892361 0.080469 0.173611
0 0.416797 0.727778 0.210156 0.513889
0 0.473438 0.302083 0.131250 0.281944
0 0.553516 0.256250 0.047656 0.118056
0 0.619531 0.668750 0.060937 0.093056
0 0.614453 0.947917 0.052344 0.084722
0 0.656250 0.969444 0.070312 0.061111
0 0.657813 0.902083 0.039062 0.112500
0 0.698047 0.916667 0.038281 0.083333
0 0.730078 0.944444 0.057031 0.111111
0 0.741797 0.770833 0.033594 0.055556
0 0.642188 0.604861 0.026562 0.115278
0 0.671484 0.625000 0.032031 0.105556
0 0.696875 0.598611 0.034375 0.158333
0 0.654687 0.224306 0.048438 0.093056
0 0.638281 0.260417 0.126562 0.184722
0 0.700781 0.352083 0.060937 0.143056
0 0.805859 0.172222 0.080469 0.127778
0 0.785937 0.350694 0.109375 0.215278
0 0.868750 0.214583 0.046875 0.109722
0 0.758203 0.520833 0.036719 0.105556
0 0.768359 0.824306 0.077344 0.240278
0 0.798047 0.568056 0.060156 0.072222
0 0.805078 0.331944 0.233594 0.258333
0 0.194922 0.055556 0.067969 0.108333
0 0.320703 0.068056 0.053906 0.130556
0 0.369531 0.077778 0.054688 0.127778
0 0.414453 0.031944 0.044531 0.061111
0 0.593359 0.061111 0.102344 0.119444
