0 0.073828 0.246528 0.146094 0.262500
0 0.189062 0.032639 0.175000 0.062500
0 0.132812 0.631944 0.054688 0.200000
0 0.100391 0.912500 0.116406 0.175000
0 0.021484 0.901389 0.041406 0.197222
0 0.590625 0.749306 0.120313 0.254167
0 0.509766 0.258333 0.338281 0.452778
0 0.775781 0.515972 0.075000 0.176389
0 0.717969 0.439583 0.190625 0.340278
0 0.958594 0.172222 0.082812 0.202778
0 0.921875 0.388194 0.117188 0.281944
0 0.861328 0.527083 0.088281 0.198611
0 0.788672 0.952083 0.038281 0.095833
0 0.823438 0.919444 0.040625 0.161111
0 0.857031 0.777778 0.031250 0.236111
0 0.957812 0.595139 0.053125 0.145833
0 0.940234 0.808333 0.063281 0.311111
