0 0.048438 0.928472 0.095312 0.137500
0 0.074219 0.730556 0.101562 0.200000
0 0.402344 0.772917 0.167187 0.454167
0 0.228516 0.614583 0.110156 0.137500
0 0.352344 0.269444 0.176563 0.419444
0 0.514062 0.064583 0.096875 0.126389
0 0.704688 0.514583 0.068750 0.115278
0 0.087891 0.811806 0.174219 0.376389
0 0.587891 0.916667 0.103906 0.163889
0 0.756250 0.844444 0.043750 0.108333
0 0.812500 0.722222 0.042188 0.119444
0 0.830469 0.890972 0.125000 0.218056
0 0.738672 0.396528 0.042969 0.179167
0 0.776563 0.367361 0.034375 0.134722
0 0.803906 0.287500 0.040625 0.188889
0 0.875391 0.654167 0.032031 0.083333
0 0.909375 0.691667 0.060937 0.191667
0 0.889062 0.450000 0.029687 0.047222
0 0.836328 0.036111 0.105469 0.069444
0 0.933594 0.453472 0.062500 0.337500
0 0.083203 0.193056 0.075781 0.225000
0 0.155469 0.132639 0.085938 0.165278
0 0.862500 0.152778 0.050000 0.111111
0 0.466016 0.240278 0.057031 0.097222
0 0.908203 0.171528 0.042969 0.106944
