0 0.187109 0.924306 0.167969 0.151389
0 0.275391 0.943056 0.096094 0.105556
0 0.029297 0.054861 0.057031 0.106944
0 0.362109 0.614583 0.130469 0.256944
0 0.398047 0.179861 0.327344 0.345833
0 0.575391 0.434722 0.082031 0.163889
0 0.529687 0.393750 0.235937 0.298611
0 0.655859 0.502778 0.086719 0.186111
0 0.562891 0.918056 0.046094 0.163889
0 0.600781 0.865278 0.045312 0.158333
0 0.640234 0.743056 0.046094 0.233333
0 0.764453 0.403472 0.158594 0.273611
0 0.821484 0.201389 0.121094 0.147222
0 0.890234 0.213889 0.055469 0.138889
0 0.740234 0.802083 0.094531 0.284722
