0 0.369141 0.943056 0.182031 0.113889
0 0.021094 0.329861 0.040625 0.293056
0 0.367969 0.679861 0.093750 0.162500
0 0.522266 0.713194 0.060156 0.109722
0 0.636328 0.347917 0.030469 0.051389
0 0.470313 0.038194 0.090625 0.073611
0 0.694922 0.025694 0.042969 0.048611
0 0.661719 0.341667 0.109375 0.300000
0 0.741797 0.019444 0.044531 0.036111
0 0.788672 0.040972 0.038281 0.079167
0 0.737891 0.163194 0.105469 0.276389
0 0.854297 0.055556 0.063281 0.108333
0 0.811719 0.115278 0.057813 0.125000
0 0.205469 0.045833 0.056250 0.088889
