0 0.126953 0.170833 0.139844 0.277778
0 0.269141 0.508333 0.161719 0.269444
0 0.055078 0.743750 0.108594 0.234722
0 0.452734 0.979861 0.160156 0.040278
0 0.538672 0.852083 0.072656 0.109722
0 0.654297 0.920139 0.055469 0.068056
0 0.566797 0.225694 0.183594 0.448611
0 0.767578 0.454861 0.072656 0.118056
0 0.867188 0.410417 0.092188 0.184722
0 0.757812 0.245139 0.275000 0.487500
0 0.827344 0.715972 0.021875 0.048611
0 0.855469 0.718056 0.114062 0.191667
0 0.955469 0.578472 0.089063 0.209722
0 0.985156 0.200694 0.029687 0.087500
0 0.491406 0.136806 0.164062 0.270833
0 0.035937 0.536806 0.070312 0.148611
0 0.028906 0.301389 0.056250 0.211111
0 0.013281 0.965278 0.025000 0.066667
0 0.955078 0.468056 0.044531 0.094444
