0 0.116016 0.097917 0.116406 0.193056
0 0.241797 0.363194 0.161719 0.268056
0 0.055859 0.656250 0.110156 0.234722
0 0.169922 0.973611 0.100781 0.052778
0 0.430469 0.932639 0.200000 0.134722
0 0.529297 0.736806 0.072656 0.109722
0 0.649609 0.821528 0.055469 0.068056
0 0.517188 0.149306 0.164062 0.295833
0 0.747266 0.327083 0.072656 0.118056
0 0.860938 0.302083 0.092188 0.184722
0 0.731641 0.183333 0.277344 0.363889
0 0.828906 0.627083 0.021875 0.048611
0 0.854688 0.630556 0.114062 0.191667
0 0.955469 0.525694 0.089063 0.209722
0 0.985156 0.135417 0.029687 0.087500
0 0.450000 0.056250 0.153125 0.109722
0 0.030859 0.445139 0.060156 0.173611
0 0.025781 0.219444 0.050000 0.177778
0 0.012109 0.904861 0.022656 0.106944
0 0.953516 0.386111 0.044531 0.094444
