0 0.219922 0.351389 0.161719 0.244444
0 0.144531 0.557639 0.162500 0.273611
0 0.060547 0.694444 0.119531 0.144444
0 0.056250 0.822917 0.110937 0.140278
0 0.186328 0.353472 0.371094 0.462500
0 0.537109 0.393056 0.355469 0.544444
0 0.527734 0.092361 0.189844 0.140278
0 0.862500 0.147917 0.275000 0.281944
0 0.694531 0.511111 0.123438 0.191667
0 0.670312 0.625694 0.021875 0.051389
0 0.471484 0.739583 0.052344 0.045833
0 0.701953 0.626389 0.142969 0.147222
0 0.837109 0.500000 0.055469 0.086111
0 0.839844 0.561111 0.121875 0.169444
0 0.920703 0.465278 0.060156 0.072222
0 0.956641 0.363194 0.058594 0.129167
