0 0.085156 0.054861 0.092188 0.106944
0 0.153516 0.245833 0.125781 0.258333
0 0.032422 0.617361 0.063281 0.162500
0 0.088672 0.853472 0.094531 0.090278
0 0.324219 0.820139 0.182812 0.193056
0 0.411328 0.592361 0.072656 0.109722
0 0.542578 0.689583 0.055469 0.068056
0 0.392578 0.111806 0.119531 0.220833
0 0.627734 0.221528 0.066406 0.093056
0 0.751953 0.198611 0.085156 0.166667
0 0.601562 0.120139 0.267188 0.237500
0 0.728125 0.515972 0.021875 0.048611
0 0.761328 0.522222 0.113281 0.191667
0 0.866016 0.301389 0.042969 0.072222
0 0.930469 0.305556 0.046875 0.094444
0 0.878125 0.426389 0.103125 0.222222
0 0.928125 0.081944 0.050000 0.086111
0 0.973437 0.365278 0.035937 0.066667
0 0.970313 0.077778 0.029687 0.097222
0 0.975391 0.420833 0.049219 0.119444
