0 0.212891 0.113194 0.144531 0.223611
0 0.320703 0.472917 0.163281 0.312500
0 0.569141 0.163889 0.088281 0.138889
0 0.835938 0.386111 0.065625 0.102778
0 0.353125 0.381944 0.246875 0.747222
0 0.572656 0.721528 0.075000 0.093056
0 0.669531 0.643750 0.092188 0.184722
0 0.557031 0.475000 0.262500 0.563889
0 0.656250 0.932639 0.021875 0.048611
0 0.685156 0.904167 0.114062 0.191667
0 0.790625 0.756250 0.100000 0.229167
0 0.735156 0.074306 0.170313 0.145833
0 0.441016 0.208333 0.113281 0.213889
0 0.127734 0.823611 0.152344 0.266667
0 0.036328 0.495139 0.071094 0.306944
0 0.889453 0.663889 0.066406 0.094444
0 0.780859 0.649306 0.042969 0.087500
0 0.834766 0.594444 0.039844 0.111111
0 0.885938 0.610417 0.042188 0.087500
0 0.878906 0.315278 0.034375 0.122222
0 0.906250 0.322222 0.035937 0.105556
0 0.943359 0.291667 0.039844 0.125000
0 0.943750 0.460417 0.034375 0.051389
0 0.953125 0.513889 0.093750 0.225000
