0 0.048828 0.699306 0.096094 0.281944
0 0.044922 0.970833 0.088281 0.058333
0 0.192969 0.700000 0.142187 0.341667
0 0.265625 0.961111 0.085938 0.077778
0 0.366797 0.404167 0.091406 0.252778
0 0.346094 0.140972 0.215625 0.259722
0 0.539062 0.156250 0.075000 0.193056
0 0.592187 0.157639 0.068750 0.126389
0 0.546484 0.540972 0.082031 0.176389
0 0.497656 0.738889 0.125000 0.227778
0 0.500391 0.638194 0.191406 0.723611
0 0.638672 0.540278 0.072656 0.138889
0 0.730859 0.354861 0.138281 0.309722
0 0.795312 0.260417 0.065625 0.134722
0 0.735938 0.979861 0.034375 0.040278
0 0.801562 0.916667 0.082812 0.166667
0 0.692969 0.763889 0.170313 0.472222
0 0.881250 0.663194 0.053125 0.076389
0 0.886719 0.919444 0.045312 0.094444
0 0.922656 0.857639 0.037500 0.118056
0 0.910937 0.958333 0.068750 0.083333
0 0.903516 0.575000 0.022656 0.144444
0 0.926953 0.578472 0.027344 0.118056
0 0.946484 0.529861 0.032031 0.168056
0 0.882031 0.180556 0.048438 0.100000
0 0.874219 0.191667 0.101562 0.216667
0 0.974219 0.263889 0.051562 0.205556
0 0.630078 0.061806 0.060156 0.101389
