0 0.162109 0.436806 0.164844 0.276389
0 0.349609 0.388194 0.186719 0.312500
0 0.179688 0.738194 0.093750 0.148611
0 0.118750 0.826389 0.235937 0.347222
0 0.472266 0.747222 0.157031 0.280556
0 0.589453 0.086111 0.146094 0.169444
0 0.721484 0.450000 0.117969 0.302778
0 0.805078 0.225000 0.078906 0.177778
0 0.744531 0.379861 0.196875 0.756944
0 0.895312 0.218056 0.079687 0.147222
0 0.878906 0.548611 0.234375 0.541667
0 0.972656 0.120833 0.054688 0.238889
0 0.960547 0.695139 0.064844 0.168056
0 0.883984 0.763194 0.052344 0.062500
0 0.981250 0.872222 0.037500 0.147222
0 0.906641 0.971528 0.019531 0.037500
0 0.933984 0.933333 0.080469 0.133333
