0 0.209375 0.915972 0.196875 0.168056
0 0.022266 0.288194 0.042969 0.384722
0 0.173047 0.278472 0.128906 0.190278
0 0.356641 0.579861 0.352344 0.679167
0 0.780078 0.830556 0.058594 0.130556
0 0.853906 0.598611 0.142187 0.377778
0 0.947656 0.400000 0.043750 0.169444
0 0.947266 0.645833 0.032031 0.083333
0 0.719141 0.920139 0.246094 0.151389
0 0.854297 0.118056 0.122656 0.233333
0 0.519922 0.203472 0.236719 0.162500
0 0.492969 0.035417 0.098437 0.068056
0 0.969531 0.115278 0.060937 0.227778
0 0.948828 0.854167 0.091406 0.216667
