0 0.037500 0.313889 0.073438 0.136111
0 0.035156 0.095139 0.068750 0.187500
0 0.149219 0.056250 0.092188 0.109722
0 0.222266 0.268056 0.125781 0.258333
0 0.047656 0.559722 0.093750 0.236111
0 0.104297 0.859028 0.094531 0.090278
0 0.345313 0.871528 0.182812 0.193056
0 0.444531 0.662500 0.068750 0.100000
0 0.560547 0.768750 0.055469 0.068056
0 0.426953 0.050694 0.107031 0.098611
0 0.471094 0.129167 0.134375 0.255556
0 0.663672 0.314583 0.066406 0.093056
0 0.780078 0.300000 0.085156 0.166667
0 0.661328 0.164583 0.258594 0.326389
0 0.746875 0.614583 0.021875 0.048611
0 0.772266 0.610417 0.111719 0.181944
0 0.883984 0.402778 0.042969 0.072222
0 0.942187 0.397222 0.046875 0.094444
0 0.885156 0.530556 0.103125 0.222222
0 0.945312 0.186111 0.050000 0.086111
0 0.982422 0.462500 0.032031 0.050000
0 0.988281 0.174306 0.023438 0.084722
0 0.978516 0.526389 0.042969 0.094444
