0 0.075781 0.464583 0.150000 0.226389
0 0.011719 0.056250 0.021875 0.109722
0 0.099219 0.035417 0.064062 0.068056
0 0.229687 0.180556 0.260937 0.358333
0 0.125000 0.865972 0.065625 0.193056
0 0.596875 0.325000 0.076563 0.161111
0 0.674609 0.179167 0.175781 0.297222
0 0.802344 0.093056 0.075000 0.161111
0 0.822656 0.277778 0.054688 0.097222
0 0.891406 0.116667 0.035937 0.058333
0 0.915234 0.154167 0.136719 0.305556
0 0.730859 0.801389 0.075781 0.169444
0 0.531641 0.950694 0.122656 0.098611
0 0.509375 0.587500 0.321875 0.425000
0 0.678906 0.745833 0.203125 0.327778
0 0.808203 0.804167 0.080469 0.169444
0 0.894922 0.647917 0.117969 0.290278
0 0.935156 0.433333 0.106250 0.205556
