0 0.208984 0.251389 0.161719 0.244444
0 0.125000 0.559028 0.162500 0.273611
0 0.053516 0.700694 0.105469 0.162500
0 0.060156 0.860417 0.092188 0.098611
0 0.185547 0.267361 0.369531 0.462500
0 0.545703 0.361806 0.374219 0.573611
0 0.554297 0.054167 0.199219 0.105556
0 0.912891 0.120139 0.174219 0.237500
0 0.727344 0.486111 0.123438 0.191667
0 0.681250 0.621528 0.021875 0.051389
0 0.470703 0.743750 0.052344 0.045833
0 0.720703 0.633333 0.142969 0.147222
0 0.858203 0.486111 0.055469 0.086111
0 0.854688 0.550000 0.121875 0.169444
0 0.940234 0.455556 0.060156 0.072222
0 0.970703 0.349306 0.058594 0.129167
