0 0.208594 0.718056 0.070312 0.197222
0 0.185547 0.720833 0.024219 0.030556
0 0.076172 0.536806 0.044531 0.070833
0 0.133984 0.471528 0.055469 0.129167
0 0.040234 0.858333 0.032031 0.066667
0 0.057422 0.382639 0.094531 0.315278
0 0.033984 0.194444 0.041406 0.066667
0 0.110547 0.077778 0.096094 0.152778
0 0.126172 0.929861 0.016406 0.065278
0 0.225781 0.489583 0.040625 0.076389
0 0.277734 0.583333 0.094531 0.205556
0 0.275781 0.444444 0.045312 0.091667
0 0.225391 0.272222 0.042969 0.066667
0 0.344141 0.454861 0.049219 0.054167
0 0.280859 0.201389 0.044531 0.097222
0 0.395703 0.322222 0.038281 0.052778
0 0.378516 0.488889 0.086719 0.136111
0 0.438672 0.374306 0.097656 0.181944
0 0.573438 0.067361 0.176563 0.131944
0 0.400391 0.065972 0.082031 0.051389
