0 0.298828 0.870833 0.224219 0.258333
0 0.565234 0.656944 0.139844 0.238889
0 0.812891 0.961806 0.044531 0.076389
0 0.853125 0.935417 0.040625 0.129167
0 0.891016 0.831944 0.041406 0.247222
0 0.946094 0.931944 0.029687 0.047222
0 0.987109 0.871528 0.025781 0.256944
0 0.008594 0.678472 0.015625 0.229167
0 0.060937 0.671528 0.096875 0.223611
0 0.437109 0.931250 0.119531 0.137500
0 0.160938 0.454167 0.071875 0.211111
0 0.867188 0.526389 0.079687 0.163889
0 0.762500 0.450000 0.079687 0.147222
0 0.950781 0.396528 0.098437 0.290278
0 0.721484 0.431944 0.186719 0.344444
0 0.955078 0.146528 0.089844 0.209722
0 0.132812 0.145833 0.118750 0.155556
0 0.486719 0.188194 0.259375 0.373611
0 0.939063 0.577778 0.090625 0.108333
