0 0.024609 0.254167 0.047656 0.188889
0 0.107031 0.226389 0.076563 0.191667
0 0.153516 0.475694 0.083594 0.209722
0 0.023438 0.751389 0.045312 0.147222
0 0.226953 0.958333 0.135156 0.083333
0 0.280469 0.800000 0.051562 0.075000
0 0.369531 0.899306 0.039062 0.054167
0 0.234766 0.050000 0.064844 0.097222
0 0.290625 0.254861 0.075000 0.156944
0 0.353125 0.140278 0.043750 0.111111
0 0.309375 0.242361 0.109375 0.481944
0 0.421484 0.132639 0.053906 0.087500
0 0.427734 0.342361 0.171094 0.337500
0 0.423828 0.497917 0.058594 0.073611
0 0.497266 0.469444 0.078906 0.136111
0 0.496094 0.736111 0.021875 0.030556
0 0.526563 0.741667 0.090625 0.183333
0 0.600000 0.521528 0.039062 0.059722
0 0.618359 0.642361 0.096094 0.198611
0 0.653516 0.504167 0.047656 0.086111
0 0.547266 0.075694 0.117969 0.148611
0 0.659375 0.026389 0.059375 0.050000
0 0.644922 0.327778 0.049219 0.072222
0 0.694141 0.288194 0.042969 0.104167
0 0.719141 0.299306 0.041406 0.087500
0 0.761719 0.283333 0.057813 0.119444
0 0.726172 0.597222 0.075781 0.136111
0 0.783594 0.447222 0.025000 0.050000
0 0.755859 0.036111 0.066406 0.069444
0 0.803125 0.127778 0.050000 0.108333
0 0.894922 0.203472 0.107031 0.168056
0 0.960547 0.059722 0.078906 0.116667
0 0.013672 0.463889 0.025781 0.113889
0 0.817578 0.506250 0.099219 0.195833
0 0.780469 0.554861 0.043750 0.084722
0 0.881250 0.345139 0.051562 0.048611
0 0.850781 0.279861 0.026562 0.073611
0 0.948828 0.286806 0.102344 0.129167
