0 0.330469 0.454861 0.134375 0.356944
0 0.053125 0.102778 0.084375 0.177778
0 0.721094 0.145139 0.182812 0.287500
0 0.254297 0.863194 0.203906 0.201389
0 0.111328 0.825694 0.085156 0.162500
0 0.057422 0.904861 0.080469 0.109722
0 0.479297 0.442361 0.185156 0.245833
0 0.466797 0.807639 0.116406 0.087500
0 0.823828 0.634722 0.075781 0.075000
0 0.964063 0.464583 0.071875 0.176389
0 0.702734 0.747222 0.214844 0.419444
0 0.075000 0.671528 0.148438 0.143056
0 0.877344 0.804167 0.057813 0.108333
0 0.287891 0.889583 0.103906 0.101389
0 0.480078 0.903472 0.230469 0.193056
0 0.225781 0.966667 0.073438 0.066667
