0 0.064062 0.577778 0.126562 0.244444
0 0.206250 0.529861 0.167187 0.304167
0 0.096484 0.840972 0.089844 0.120833
0 0.046875 0.888889 0.092188 0.222222
0 0.344922 0.859722 0.157031 0.280556
0 0.413672 0.145139 0.144531 0.287500
0 0.560547 0.533333 0.117969 0.302778
0 0.642969 0.305556 0.078125 0.177778
0 0.588672 0.431250 0.221094 0.795833
0 0.760156 0.259722 0.087500 0.138889
0 0.780859 0.813194 0.067969 0.084722
0 0.871094 0.729167 0.076563 0.191667
0 0.754687 0.575000 0.234375 0.541667
0 0.887500 0.121528 0.139063 0.240278
0 0.952734 0.045139 0.049219 0.087500
0 0.987109 0.483333 0.025781 0.102778
0 0.987500 0.697917 0.025000 0.109722
0 0.949219 0.741667 0.042188 0.075000
0 0.872656 0.942361 0.075000 0.115278
0 0.949219 0.850694 0.082812 0.223611
