0 0.724219 0.046528 0.279687 0.090278
0 0.406250 0.425000 0.121875 0.305556
0 0.116016 0.093056 0.152344 0.111111
0 0.720703 0.249306 0.149219 0.240278
0 0.344141 0.767361 0.203906 0.201389
0 0.196484 0.712500 0.085156 0.136111
0 0.135156 0.768750 0.070312 0.126389
0 0.299219 0.864583 0.082812 0.126389
0 0.522656 0.419444 0.135937 0.186111
0 0.526172 0.733333 0.099219 0.086111
0 0.840234 0.669444 0.075781 0.075000
0 0.971875 0.581250 0.056250 0.159722
0 0.710938 0.738194 0.171875 0.362500
0 0.167578 0.559722 0.178906 0.133333
0 0.903125 0.843056 0.051562 0.100000
0 0.353906 0.970833 0.106250 0.058333
0 0.156250 0.899306 0.134375 0.159722
0 0.530469 0.875694 0.210938 0.209722
0 0.365625 0.807639 0.078125 0.098611
0 0.424219 0.966667 0.053125 0.063889
