0 0.048438 0.767361 0.095312 0.281944
0 0.189844 0.773611 0.142187 0.341667
0 0.380078 0.444444 0.091406 0.252778
0 0.342187 0.154167 0.225000 0.286111
0 0.544922 0.150000 0.077344 0.213889
0 0.608594 0.150694 0.068750 0.126389
0 0.546484 0.540972 0.082031 0.176389
0 0.497656 0.738889 0.125000 0.227778
0 0.500391 0.638194 0.191406 0.723611
0 0.662109 0.543056 0.072656 0.138889
0 0.748828 0.361806 0.138281 0.309722
0 0.812500 0.256250 0.065625 0.134722
0 0.735938 0.979861 0.034375 0.040278
0 0.807031 0.916667 0.082812 0.166667
0 0.712500 0.775000 0.168750 0.450000
0 0.897656 0.665278 0.051562 0.094444
0 0.886719 0.919444 0.045312 0.094444
0 0.927344 0.860417 0.037500 0.118056
0 0.919531 0.958333 0.068750 0.083333
0 0.915234 0.577778 0.022656 0.144444
0 0.941797 0.574306 0.027344 0.118056
0 0.951953 0.532639 0.032031 0.168056
0 0.902344 0.187500 0.048438 0.100000
0 0.879687 0.195833 0.101562 0.216667
0 0.976562 0.272917 0.046875 0.187500
0 0.647266 0.060417 0.060156 0.101389
0 0.131250 0.038889 0.071875 0.075000
