0 0.360938 0.238194 0.176563 0.420833
0 0.521094 0.211806 0.207813 0.254167
0 0.074609 0.562500 0.147656 0.161111
0 0.744141 0.054167 0.097656 0.105556
0 0.969531 0.359722 0.060937 0.163889
0 0.718359 0.588889 0.189844 0.447222
0 0.971484 0.606944 0.055469 0.113889
0 0.253906 0.774306 0.242188 0.206944
0 0.489453 0.674306 0.155469 0.090278
0 0.089844 0.732639 0.096875 0.165278
0 0.287109 0.800000 0.094531 0.094444
0 0.229687 0.904167 0.098437 0.141667
0 0.040625 0.863194 0.079687 0.112500
0 0.025781 0.929167 0.046875 0.058333
0 0.044531 0.961111 0.087500 0.077778
0 0.500391 0.834722 0.230469 0.280556
