0 0.191016 0.496528 0.085156 0.187500
0 0.210938 0.264583 0.184375 0.520833
0 0.177734 0.724306 0.044531 0.076389
0 0.068359 0.555556 0.050781 0.105556
0 0.289062 0.704167 0.060937 0.097222
0 0.911719 0.679861 0.176563 0.640278
0 0.120313 0.910417 0.031250 0.081944
0 0.094141 0.800000 0.102344 0.147222
0 0.091406 0.950000 0.039062 0.088889
0 0.066406 0.965972 0.062500 0.068056
0 0.066797 0.065972 0.064844 0.129167
0 0.375000 0.956250 0.143750 0.087500
0 0.554297 0.903472 0.099219 0.137500
0 0.056250 0.920833 0.037500 0.058333
0 0.006641 0.706944 0.011719 0.063889
0 0.016016 0.874306 0.030469 0.109722
