0 0.154297 0.395833 0.085156 0.172222
0 0.175000 0.209722 0.176563 0.416667
0 0.155859 0.649306 0.060156 0.126389
0 0.042578 0.473611 0.050781 0.105556
0 0.250391 0.572222 0.057031 0.091667
0 0.903125 0.644444 0.193750 0.688889
0 0.094531 0.818750 0.048438 0.084722
0 0.062109 0.696528 0.100781 0.137500
0 0.069531 0.866667 0.039062 0.088889
0 0.051562 0.935417 0.079687 0.129167
0 0.039453 0.043056 0.064844 0.083333
0 0.344531 0.882639 0.143750 0.223611
0 0.512500 0.760417 0.107813 0.137500
0 0.039453 0.837500 0.044531 0.072222
