0 0.075781 0.354167 0.064062 0.125000
0 0.081250 0.140278 0.093750 0.177778
0 0.199609 0.095833 0.094531 0.188889
0 0.260547 0.339583 0.107031 0.223611
0 0.062891 0.527778 0.124219 0.386111
0 0.116797 0.927083 0.094531 0.090278
0 0.335547 0.904861 0.158594 0.190278
0 0.414844 0.695139 0.064062 0.095833
0 0.504687 0.799306 0.042188 0.070833
0 0.413672 0.106250 0.088281 0.176389
0 0.441797 0.169444 0.130469 0.336111
0 0.578906 0.372222 0.057813 0.097222
0 0.665625 0.346528 0.070312 0.137500
0 0.567578 0.190278 0.194531 0.377778
0 0.652734 0.629167 0.021094 0.030556
0 0.674219 0.641667 0.103125 0.191667
0 0.759766 0.425000 0.042969 0.072222
0 0.816406 0.415278 0.046875 0.094444
0 0.776953 0.540972 0.086719 0.206944
0 0.807031 0.216667 0.051562 0.075000
0 0.864062 0.462500 0.039062 0.069444
0 0.864453 0.502778 0.032031 0.050000
0 0.880078 0.513194 0.069531 0.131944
0 0.853125 0.188889 0.034375 0.094444
0 0.879297 0.202083 0.033594 0.084722
0 0.918359 0.190972 0.041406 0.118056
0 0.931250 0.372917 0.031250 0.051389
0 0.929688 0.473611 0.043750 0.088889
0 0.959375 0.430556 0.081250 0.208333
