0 0.397656 0.233333 0.434375 0.463889
0 0.833594 0.873611 0.332813 0.250000
0 0.346484 0.424306 0.185156 0.326389
0 0.173828 0.609722 0.091406 0.136111
0 0.495312 0.663194 0.051562 0.109722
0 0.457813 0.831250 0.090625 0.159722
0 0.372656 0.816667 0.100000 0.183333
0 0.112891 0.041667 0.083594 0.080556
0 0.105078 0.797917 0.046094 0.076389
0 0.230078 0.865278 0.160156 0.130556
0 0.104297 0.915972 0.091406 0.168056
0 0.011719 0.266667 0.021875 0.186111
0 0.016406 0.640972 0.031250 0.106944
0 0.008594 0.476389 0.015625 0.077778
