0 0.024609 0.902778 0.047656 0.147222
0 0.133984 0.763194 0.139844 0.140278
0 0.339844 0.397222 0.126562 0.272222
0 0.289062 0.126389 0.295312 0.250000
0 0.546875 0.084028 0.073438 0.165278
0 0.613281 0.058333 0.084375 0.113889
0 0.569922 0.540972 0.082031 0.176389
0 0.516016 0.804861 0.128906 0.251389
0 0.512500 0.662500 0.228125 0.675000
0 0.665234 0.498611 0.072656 0.138889
0 0.769922 0.267361 0.138281 0.309722
0 0.832031 0.140972 0.065625 0.134722
0 0.770312 0.979861 0.034375 0.040278
0 0.833594 0.858333 0.068750 0.183333
0 0.736328 0.753472 0.164844 0.493056
0 0.910156 0.565278 0.051562 0.094444
0 0.910937 0.843056 0.045312 0.094444
0 0.941406 0.759028 0.037500 0.118056
0 0.932422 0.913889 0.075781 0.172222
0 0.936328 0.472222 0.022656 0.144444
0 0.953516 0.457639 0.027344 0.118056
0 0.971484 0.415972 0.032031 0.168056
0 0.919531 0.091667 0.048438 0.100000
0 0.904687 0.093750 0.082812 0.170833
0 0.976562 0.172917 0.046875 0.187500
0 0.044922 0.051389 0.082031 0.100000
