0 0.366406 0.403472 0.134375 0.356944
0 0.067969 0.065278 0.126562 0.127778
0 0.731641 0.177778 0.169531 0.280556
0 0.294141 0.818750 0.203906 0.201389
0 0.154297 0.761111 0.085156 0.136111
0 0.098047 0.821528 0.080469 0.109722
0 0.275000 0.936806 0.082812 0.126389
0 0.501953 0.402083 0.166406 0.231944
0 0.501953 0.780556 0.099219 0.086111
0 0.848047 0.687500 0.075781 0.075000
0 0.973047 0.556250 0.053906 0.129167
0 0.712891 0.762500 0.183594 0.400000
0 0.114844 0.576389 0.179688 0.155556
0 0.904687 0.876389 0.057813 0.108333
0 0.108984 0.949306 0.103906 0.101389
0 0.516016 0.902083 0.207031 0.195833
0 0.334375 0.861806 0.078125 0.098611
0 0.193750 0.940972 0.089063 0.118056
