0 0.558984 0.064583 0.235156 0.126389
0 0.358594 0.134028 0.159375 0.265278
0 0.070312 0.403472 0.139063 0.170833
0 0.074609 0.622917 0.103906 0.231944
0 0.036719 0.782639 0.071875 0.093056
0 0.288672 0.680556 0.114844 0.127778
0 0.236328 0.811111 0.103906 0.186111
0 0.254688 0.663889 0.282813 0.283333
0 0.137500 0.868750 0.104688 0.126389
0 0.076953 0.925694 0.152344 0.143056
0 0.505078 0.540278 0.128906 0.113889
0 0.520703 0.703472 0.258594 0.312500
0 0.761719 0.461806 0.212500 0.476389
0 0.693750 0.826389 0.131250 0.088889
0 0.658594 0.765972 0.106250 0.151389
0 0.814063 0.755556 0.087500 0.147222
0 0.810156 0.724306 0.037500 0.068056
