0 0.439453 0.213889 0.389844 0.425000
0 0.733984 0.897917 0.216406 0.201389
0 0.393750 0.397222 0.160938 0.286111
0 0.219922 0.551389 0.091406 0.136111
0 0.517578 0.683333 0.046094 0.086111
0 0.473438 0.829861 0.090625 0.159722
0 0.393750 0.795833 0.095312 0.194444
0 0.133984 0.724306 0.046094 0.076389
0 0.258984 0.826389 0.149219 0.163889
0 0.125391 0.861806 0.092969 0.212500
0 0.065234 0.145139 0.050781 0.179167
0 0.046875 0.543056 0.045312 0.119444
0 0.030469 0.382639 0.059375 0.101389
0 0.026172 0.250000 0.050781 0.158333
0 0.210938 0.951389 0.056250 0.069444
0 0.292578 0.939583 0.071094 0.098611
