0 0.288281 0.602778 0.201563 0.272222
0 0.146875 0.093056 0.084375 0.183333
0 0.305859 0.072917 0.105469 0.143056
0 0.472266 0.321528 0.283594 0.476389
0 0.320703 0.961806 0.071094 0.076389
0 0.812891 0.591667 0.058594 0.130556
0 0.891406 0.429861 0.134375 0.301389
0 0.977344 0.326389 0.043750 0.169444
0 0.983984 0.529167 0.032031 0.083333
0 0.870703 0.960417 0.057031 0.076389
0 0.740625 0.809722 0.275000 0.352778
0 0.833984 0.902083 0.191406 0.195833
0 0.908203 0.081250 0.119531 0.159722
0 0.603125 0.057639 0.190625 0.104167
0 0.010156 0.713889 0.018750 0.088889
