0 0.049609 0.378472 0.097656 0.440278
0 0.320703 0.913194 0.088281 0.162500
0 0.432422 0.965972 0.044531 0.068056
0 0.510547 0.665972 0.030469 0.051389
0 0.395313 0.317361 0.081250 0.131944
0 0.560937 0.320139 0.037500 0.079167
0 0.532813 0.657639 0.095312 0.293056
0 0.600000 0.299306 0.046875 0.115278
0 0.636328 0.350694 0.038281 0.079167
0 0.594141 0.488889 0.089844 0.280556
0 0.705859 0.279861 0.067969 0.234722
0 0.659375 0.418056 0.065625 0.169444
0 0.212891 0.159028 0.092969 0.315278
0 0.372266 0.155556 0.210156 0.308333
0 0.477344 0.236806 0.089063 0.165278
0 0.674219 0.206250 0.034375 0.059722
0 0.566797 0.058333 0.055469 0.077778
0 0.607422 0.040972 0.044531 0.079167
0 0.637109 0.041667 0.032031 0.080556
