0 0.037891 0.629167 0.074219 0.272222
0 0.034375 0.927083 0.067187 0.145833
0 0.162500 0.612500 0.142187 0.341667
0 0.255469 0.921528 0.107813 0.145833
0 0.329297 0.330556 0.091406 0.252778
0 0.309766 0.110417 0.222656 0.218056
0 0.500781 0.103472 0.075000 0.193056
0 0.557813 0.100694 0.068750 0.126389
0 0.506641 0.460417 0.082031 0.176389
0 0.465625 0.650000 0.125000 0.227778
0 0.468359 0.638194 0.191406 0.723611
0 0.608984 0.455556 0.072656 0.138889
0 0.696484 0.277083 0.138281 0.306944
0 0.766797 0.196528 0.064844 0.134722
0 0.723047 0.949306 0.060156 0.101389
0 0.796875 0.851389 0.082812 0.166667
0 0.695312 0.722222 0.207813 0.544444
0 0.877344 0.585417 0.053125 0.076389
0 0.893750 0.859722 0.045312 0.094444
0 0.928125 0.793750 0.037500 0.118056
0 0.924219 0.922917 0.073438 0.154167
0 0.898828 0.498611 0.022656 0.144444
0 0.924609 0.497917 0.027344 0.118056
0 0.941016 0.478472 0.032031 0.168056
0 0.855469 0.136111 0.048438 0.100000
0 0.840625 0.140278 0.101562 0.216667
0 0.958984 0.177083 0.082031 0.198611
