0 0.428906 0.288889 0.348438 0.569444
0 0.698438 0.921528 0.145313 0.154167
0 0.396094 0.484722 0.160938 0.286111
0 0.223047 0.581944 0.091406 0.136111
0 0.512109 0.723611 0.046094 0.086111
0 0.468750 0.863194 0.090625 0.159722
0 0.391406 0.838889 0.095312 0.194444
0 0.132422 0.756250 0.046094 0.076389
0 0.251172 0.865278 0.149219 0.163889
0 0.124609 0.874306 0.092969 0.212500
0 0.067578 0.182639 0.050781 0.179167
0 0.046875 0.575000 0.045312 0.119444
0 0.033594 0.401389 0.065625 0.136111
0 0.030078 0.287500 0.058594 0.183333
0 0.206250 0.965278 0.056250 0.069444
0 0.286328 0.980556 0.060156 0.038889
0 0.189062 0.031944 0.098437 0.061111
