0 0.034375 0.443056 0.067187 0.261111
0 0.021875 0.786806 0.042188 0.165278
0 0.163281 0.458333 0.142187 0.366667
0 0.270703 0.847222 0.158594 0.305556
0 0.358984 0.192361 0.091406 0.251389
0 0.379297 0.051389 0.128906 0.100000
0 0.551172 0.045833 0.064844 0.088889
0 0.601562 0.043056 0.064062 0.083333
0 0.533203 0.357639 0.082031 0.176389
0 0.476562 0.519444 0.125000 0.227778
0 0.495312 0.537500 0.189062 0.805556
0 0.643359 0.377083 0.072656 0.137500
0 0.741797 0.234722 0.138281 0.305556
0 0.817578 0.170139 0.064844 0.134722
0 0.721094 0.923611 0.075000 0.113889
0 0.811719 0.834722 0.082812 0.166667
0 0.687891 0.661111 0.207031 0.544444
0 0.899219 0.595139 0.053125 0.076389
0 0.889062 0.879167 0.045312 0.094444
0 0.933594 0.824306 0.037500 0.118056
0 0.918750 0.934028 0.070312 0.131944
0 0.927734 0.527778 0.022656 0.144444
0 0.948828 0.529861 0.027344 0.118056
0 0.968359 0.502083 0.032031 0.168056
0 0.907813 0.140278 0.048438 0.100000
0 0.881250 0.143750 0.101562 0.215278
0 0.957812 0.255556 0.051562 0.136111
