0 0.150781 0.318750 0.150000 0.304167
0 0.272266 0.672222 0.185156 0.311111
0 0.030469 0.886806 0.059375 0.226389
0 0.515234 0.990972 0.061719 0.018056
0 0.553125 0.331250 0.226562 0.659722
0 0.731250 0.631250 0.075000 0.093056
0 0.828906 0.564583 0.092188 0.184722
0 0.713672 0.423611 0.289844 0.638889
0 0.774219 0.865972 0.021875 0.048611
0 0.803906 0.848611 0.114062 0.191667
0 0.914844 0.720139 0.089063 0.209722
0 0.757812 0.054861 0.090625 0.106944
0 0.516797 0.305556 0.161719 0.308333
0 0.042578 0.692361 0.083594 0.143056
0 0.030859 0.409028 0.060156 0.209722
0 0.977734 0.361111 0.044531 0.094444
0 0.912891 0.604861 0.042969 0.087500
0 0.958984 0.573611 0.039844 0.111111
0 0.982031 0.650694 0.035937 0.104167
0 0.898438 0.039583 0.126562 0.076389
