0 0.289844 0.734722 0.193750 0.491667
0 0.517969 0.415972 0.120313 0.190278
0 0.712109 0.959028 0.086719 0.081944
0 0.766797 0.806944 0.041406 0.194444
0 0.810547 0.760417 0.035156 0.159722
0 0.851172 0.646528 0.039844 0.218056
0 0.924219 0.787500 0.029687 0.047222
0 0.961719 0.760417 0.062500 0.337500
0 0.023438 0.526389 0.045312 0.286111
0 0.070312 0.468750 0.085938 0.195833
0 0.427734 0.691667 0.086719 0.127778
0 0.160938 0.256944 0.065625 0.152778
0 0.813281 0.340278 0.079687 0.163889
0 0.700000 0.234722 0.079687 0.147222
0 0.957422 0.472222 0.055469 0.102778
0 0.918750 0.464583 0.045312 0.109722
0 0.970313 0.550000 0.059375 0.180556
0 0.884766 0.234722 0.147656 0.288889
0 0.653125 0.217361 0.176563 0.295833
0 0.916016 0.228472 0.167969 0.437500
0 0.124609 0.054861 0.113281 0.106944
0 0.446875 0.098611 0.157812 0.194444
