0 0.047266 0.579861 0.092969 0.273611
0 0.040625 0.912500 0.079687 0.175000
0 0.178906 0.575000 0.142187 0.341667
0 0.285547 0.896528 0.164844 0.206944
0 0.355078 0.300694 0.091406 0.251389
0 0.334766 0.090972 0.214844 0.179167
0 0.524219 0.076389 0.073438 0.150000
0 0.589063 0.084028 0.068750 0.126389
0 0.539453 0.404861 0.082031 0.176389
0 0.485156 0.601389 0.125000 0.227778
0 0.498047 0.614583 0.186719 0.770833
0 0.640234 0.425000 0.072656 0.138889
0 0.726953 0.265972 0.138281 0.306944
0 0.801172 0.175694 0.064844 0.134722
0 0.736719 0.943056 0.075000 0.113889
0 0.825781 0.850000 0.082812 0.166667
0 0.717969 0.705556 0.207813 0.544444
0 0.901563 0.585417 0.053125 0.076389
0 0.915625 0.855556 0.045312 0.094444
0 0.952344 0.795139 0.037500 0.118056
0 0.931250 0.922917 0.073438 0.154167
0 0.924609 0.500000 0.022656 0.144444
0 0.944922 0.492361 0.027344 0.118056
0 0.961328 0.474306 0.032031 0.168056
0 0.883594 0.118056 0.048438 0.100000
0 0.878125 0.138194 0.101562 0.215278
0 0.981250 0.168750 0.037500 0.168056
