0 0.372266 0.870833 0.224219 0.258333
0 0.648828 0.627778 0.139844 0.238889
0 0.867578 0.950694 0.044531 0.076389
0 0.910937 0.935417 0.040625 0.129167
0 0.943359 0.836111 0.042969 0.244444
0 0.033594 0.661111 0.065625 0.341667
0 0.106250 0.621528 0.107813 0.234722
0 0.514453 0.931250 0.119531 0.137500
0 0.213281 0.399306 0.089063 0.223611
0 0.840625 0.431944 0.079687 0.147222
0 0.793359 0.420833 0.186719 0.344444
0 0.170703 0.088194 0.136719 0.168056
0 0.561719 0.187500 0.259375 0.372222
0 0.937109 0.525000 0.077344 0.183333
0 0.976172 0.177778 0.047656 0.222222
