0 0.169141 0.324306 0.164844 0.276389
0 0.382812 0.260417 0.206250 0.340278
0 0.189062 0.629861 0.106250 0.168056
0 0.126562 0.763889 0.251563 0.402778
0 0.496484 0.651389 0.157031 0.280556
0 0.637109 0.033333 0.088281 0.063889
0 0.771484 0.337500 0.117969 0.302778
0 0.855078 0.144444 0.078906 0.177778
0 0.794531 0.327083 0.184375 0.651389
0 0.939063 0.157639 0.059375 0.131944
0 0.900781 0.441667 0.198437 0.469444
0 0.990234 0.092361 0.019531 0.181944
0 0.971094 0.643056 0.057813 0.122222
0 0.909766 0.697917 0.052344 0.062500
0 0.987109 0.849306 0.025781 0.101389
0 0.919922 0.903472 0.019531 0.037500
0 0.937500 0.886111 0.098437 0.169444
