0 0.710938 0.141667 0.290625 0.280556
0 0.975000 0.143056 0.050000 0.283333
0 0.466797 0.454861 0.114844 0.251389
0 0.223438 0.128472 0.123438 0.145833
0 0.750391 0.388194 0.122656 0.215278
0 0.389453 0.754167 0.171094 0.225000
0 0.267578 0.636111 0.085156 0.136111
0 0.194531 0.689583 0.070312 0.126389
0 0.357422 0.795139 0.086719 0.104167
0 0.048047 0.413889 0.047656 0.075000
0 0.566797 0.473611 0.117969 0.155556
0 0.409766 0.772222 0.078906 0.091667
0 0.849219 0.770139 0.084375 0.073611
0 0.973437 0.729861 0.053125 0.126389
0 0.748437 0.768750 0.117188 0.287500
0 0.026172 0.545139 0.050781 0.165278
0 0.242969 0.499306 0.160938 0.173611
0 0.905859 0.934722 0.060156 0.086111
0 0.397656 0.952083 0.121875 0.095833
0 0.169531 0.712500 0.035937 0.052778
0 0.157812 0.655556 0.028125 0.044444
