0 0.141016 0.365278 0.085156 0.172222
0 0.147266 0.188889 0.174219 0.375000
0 0.146484 0.611806 0.046094 0.106944
0 0.035547 0.476389 0.050781 0.105556
0 0.244141 0.544444 0.057031 0.091667
0 0.905859 0.454167 0.188281 0.758333
0 0.094531 0.811806 0.048438 0.084722
0 0.061328 0.692361 0.100781 0.137500
0 0.069531 0.866667 0.039062 0.088889
0 0.049219 0.935417 0.079687 0.129167
0 0.026953 0.036806 0.052344 0.070833
0 0.349609 0.868750 0.150781 0.248611
0 0.528125 0.706944 0.121875 0.155556
0 0.033594 0.837500 0.037500 0.058333
0 0.474219 0.843056 0.092188 0.088889
