0 0.276172 0.522222 0.149219 0.405556
0 0.022656 0.145833 0.043750 0.188889
0 0.664062 0.220139 0.182812 0.287500
0 0.218359 0.941667 0.203906 0.116667
0 0.071094 0.909722 0.087500 0.150000
0 0.412500 0.513194 0.185938 0.245833
0 0.412891 0.921528 0.116406 0.087500
0 0.761328 0.727778 0.075781 0.075000
0 0.922266 0.537500 0.121094 0.205556
0 0.635938 0.818750 0.212500 0.362500
0 0.829688 0.893056 0.057813 0.108333
0 0.057031 0.765278 0.112500 0.147222
0 0.916406 0.779167 0.070312 0.113889
0 0.908203 0.876389 0.046094 0.088889
