0 0.262500 0.972917 0.132812 0.054167
0 0.397656 0.965972 0.106250 0.068056
0 0.448828 0.663194 0.130469 0.256944
0 0.396484 0.206250 0.317969 0.409722
0 0.652344 0.420833 0.087500 0.213889
0 0.596094 0.354861 0.235937 0.298611
0 0.744141 0.451389 0.086719 0.186111
0 0.689453 0.906944 0.046094 0.163889
0 0.725000 0.823611 0.045312 0.158333
0 0.755859 0.680556 0.046094 0.233333
0 0.837109 0.290972 0.160156 0.273611
0 0.864062 0.090278 0.118750 0.166667
0 0.930859 0.077778 0.055469 0.138889
0 0.867188 0.713194 0.095312 0.284722
0 0.827734 0.497917 0.046094 0.112500
0 0.830859 0.935417 0.050781 0.115278
0 0.032031 0.190972 0.062500 0.190278
0 0.822266 0.775000 0.041406 0.069444
0 0.029297 0.883333 0.057031 0.233333
0 0.028516 0.587500 0.038281 0.197222
0 0.098437 0.018056 0.117188 0.033333
