0 0.330469 0.454861 0.134375 0.356944
0 0.050781 0.136111 0.082812 0.161111
0 0.715625 0.194444 0.182812 0.288889
0 0.284766 0.870139 0.203906 0.201389
0 0.130859 0.826389 0.085156 0.136111
0 0.079297 0.920139 0.080469 0.109722
0 0.479297 0.442361 0.185156 0.245833
0 0.478516 0.822917 0.116406 0.087500
0 0.830859 0.675000 0.075781 0.075000
0 0.966797 0.525694 0.066406 0.179167
0 0.701953 0.787500 0.214844 0.419444
0 0.089844 0.676389 0.178125 0.155556
0 0.897656 0.843056 0.057813 0.108333
0 0.305859 0.897917 0.103906 0.101389
0 0.498437 0.913194 0.225000 0.173611
0 0.243750 0.966667 0.073438 0.066667
