0 0.671875 0.766667 0.137500 0.213889
0 0.147266 0.340972 0.200781 0.318056
0 0.071094 0.659028 0.140625 0.354167
0 0.164453 0.393056 0.327344 0.783333
0 0.525781 0.158333 0.203125 0.227778
0 0.507422 0.601389 0.446094 0.663889
0 0.871484 0.156944 0.257031 0.311111
0 0.025781 0.861111 0.050000 0.180556
0 0.825781 0.765278 0.070312 0.102778
0 0.668359 0.917361 0.161719 0.159722
0 0.908203 0.709028 0.055469 0.084722
0 0.626172 0.934722 0.028906 0.038889
0 0.820312 0.827083 0.135937 0.179167
0 0.956250 0.550694 0.064062 0.151389
0 0.951953 0.690278 0.053906 0.088889
