0 0.194922 0.850694 0.150781 0.298611
0 0.042188 0.514583 0.082812 0.354167
0 0.058203 0.212500 0.114844 0.186111
0 0.248047 0.557639 0.107031 0.229167
0 0.208203 0.693056 0.253906 0.613889
0 0.391016 0.461806 0.110156 0.137500
0 0.523438 0.179861 0.184375 0.356944
0 0.636328 0.036111 0.071094 0.069444
0 0.773828 0.455556 0.060156 0.102778
0 0.513281 0.710417 0.215625 0.579167
0 0.588281 0.959722 0.060937 0.080556
0 0.680078 0.829861 0.089844 0.240278
0 0.803906 0.768056 0.043750 0.108333
0 0.804297 0.963889 0.039844 0.072222
0 0.850781 0.662500 0.042188 0.119444
0 0.860938 0.856250 0.112500 0.262500
0 0.802734 0.343056 0.033594 0.147222
0 0.833594 0.329861 0.034375 0.131944
0 0.858203 0.261806 0.032031 0.156944
0 0.900391 0.620833 0.032031 0.083333
0 0.928516 0.672917 0.050781 0.170833
0 0.922656 0.425000 0.029687 0.047222
0 0.900391 0.050694 0.080469 0.098611
0 0.949609 0.466667 0.055469 0.272222
0 0.244922 0.068750 0.089844 0.134722
0 0.326562 0.027083 0.085938 0.051389
