0 0.762891 0.072222 0.292969 0.141667
0 0.463672 0.365972 0.116406 0.270833
0 0.198047 0.056944 0.152344 0.111111
0 0.763281 0.268750 0.123438 0.215278
0 0.380078 0.653472 0.175781 0.226389
0 0.244922 0.608333 0.085156 0.136111
0 0.178906 0.652083 0.070312 0.126389
0 0.347656 0.771528 0.082812 0.126389
0 0.024219 0.395833 0.046875 0.075000
0 0.588281 0.393056 0.135937 0.186111
0 0.563281 0.660417 0.090625 0.106944
0 0.856641 0.666667 0.075781 0.075000
0 0.975391 0.619444 0.049219 0.122222
0 0.733203 0.706250 0.158594 0.323611
0 0.025391 0.597917 0.049219 0.165278
0 0.221875 0.465278 0.140625 0.136111
0 0.910156 0.848611 0.051562 0.100000
0 0.346094 0.915972 0.045312 0.104167
0 0.196094 0.800694 0.134375 0.159722
0 0.562500 0.811111 0.195312 0.183333
0 0.400391 0.709028 0.077344 0.098611
