0 0.171484 0.440278 0.085156 0.172222
0 0.209375 0.234028 0.178125 0.465278
0 0.157422 0.656250 0.053906 0.131944
0 0.049609 0.477778 0.050781 0.105556
0 0.255078 0.611111 0.057031 0.091667
0 0.901953 0.745833 0.196094 0.508333
0 0.085938 0.814583 0.048438 0.084722
0 0.065234 0.699306 0.100781 0.137500
0 0.064062 0.852778 0.039062 0.088889
0 0.044922 0.920139 0.088281 0.156944
0 0.075781 0.042361 0.039062 0.081944
0 0.338281 0.895833 0.137500 0.208333
0 0.511719 0.824306 0.107813 0.137500
0 0.033203 0.829167 0.044531 0.072222
