0 0.337500 0.168750 0.154688 0.334722
0 0.165625 0.657639 0.126562 0.320833
0 0.541406 0.550000 0.139063 0.291667
0 0.610156 0.290972 0.090625 0.220833
0 0.530469 0.462500 0.245312 0.863889
0 0.713672 0.235417 0.085156 0.120833
0 0.830469 0.097222 0.139063 0.191667
0 0.783594 0.818750 0.065625 0.093056
0 0.866016 0.678472 0.072656 0.218056
0 0.757031 0.542361 0.226562 0.623611
0 0.954297 0.384028 0.050781 0.098611
0 0.876953 0.915278 0.083594 0.169444
0 0.938281 0.659028 0.037500 0.073611
0 0.976562 0.588194 0.031250 0.109722
0 0.955859 0.761111 0.075781 0.233333
0 0.977344 0.279861 0.025000 0.101389
0 0.991016 0.289583 0.017969 0.098611
0 0.292969 0.940278 0.157812 0.119444
