0 0.427734 0.215278 0.389844 0.427778
0 0.832422 0.877083 0.335156 0.243056
0 0.388281 0.409722 0.160938 0.286111
0 0.208984 0.545833 0.091406 0.136111
0 0.512891 0.641667 0.046094 0.086111
0 0.468750 0.792361 0.090625 0.159722
0 0.390234 0.769444 0.096094 0.216667
0 0.115234 0.738194 0.046094 0.076389
0 0.253516 0.805556 0.152344 0.150000
0 0.124609 0.856250 0.092969 0.212500
0 0.053516 0.150694 0.050781 0.179167
0 0.037891 0.558333 0.044531 0.119444
0 0.026562 0.397222 0.051562 0.088889
0 0.021094 0.268056 0.040625 0.175000
0 0.207031 0.950000 0.056250 0.069444
0 0.287891 0.934028 0.071094 0.098611
