0 0.411719 0.353472 0.335938 0.704167
0 0.367969 0.623611 0.160938 0.286111
0 0.207422 0.681944 0.091406 0.136111
0 0.485547 0.862500 0.046094 0.086111
0 0.418359 0.953472 0.069531 0.093056
0 0.359375 0.921528 0.071875 0.137500
0 0.106641 0.825694 0.046094 0.076389
0 0.223047 0.926389 0.125781 0.127778
0 0.089844 0.925694 0.073438 0.148611
0 0.064453 0.268750 0.050781 0.179167
0 0.032813 0.640278 0.045312 0.119444
0 0.028906 0.461806 0.056250 0.118056
0 0.029297 0.338194 0.057031 0.184722
0 0.185547 0.075694 0.105469 0.148611
