0 0.058984 0.098611 0.069531 0.194444
0 0.343750 0.472222 0.154688 0.405556
0 0.496094 0.453472 0.207813 0.254167
0 0.075000 0.709722 0.148438 0.161111
0 0.744141 0.193750 0.174219 0.284722
0 0.957422 0.513194 0.085156 0.173611
0 0.793359 0.693056 0.025781 0.094444
0 0.701953 0.800000 0.182031 0.400000
0 0.924609 0.833333 0.055469 0.113889
0 0.250391 0.918056 0.217969 0.163889
0 0.466406 0.861111 0.120313 0.061111
0 0.104688 0.875694 0.096875 0.165278
0 0.293359 0.950000 0.094531 0.094444
0 0.045312 0.957639 0.087500 0.084722
