0 0.539844 0.337500 0.248438 0.452778
0 0.797656 0.305556 0.389062 0.608333
0 0.387109 0.685417 0.089844 0.190278
0 0.229297 0.575694 0.078906 0.143056
0 0.607812 0.618750 0.107813 0.131944
0 0.339062 0.908333 0.146875 0.183333
0 0.219141 0.842361 0.063281 0.106944
0 0.164062 0.870833 0.067187 0.097222
0 0.243359 0.947917 0.086719 0.104167
0 0.030469 0.613194 0.037500 0.073611
0 0.450391 0.685417 0.071094 0.098611
0 0.358203 0.927083 0.064844 0.073611
0 0.758984 0.923611 0.082031 0.055556
0 0.871875 0.864583 0.045312 0.073611
0 0.662891 0.915278 0.113281 0.169444
0 0.017188 0.745833 0.032813 0.141667
0 0.191406 0.713889 0.159375 0.175000
