0 0.755078 0.123611 0.300781 0.244444
0 0.488672 0.414583 0.116406 0.270833
0 0.240234 0.075694 0.152344 0.148611
0 0.774219 0.342361 0.123438 0.215278
0 0.394922 0.686111 0.171094 0.225000
0 0.274609 0.595833 0.085156 0.136111
0 0.204687 0.654861 0.070312 0.126389
0 0.366016 0.764583 0.086719 0.104167
0 0.051172 0.383333 0.047656 0.075000
0 0.598828 0.447222 0.127344 0.180556
0 0.412891 0.733333 0.078906 0.091667
0 0.863672 0.743056 0.075781 0.075000
0 0.980469 0.716667 0.039062 0.100000
0 0.751172 0.768750 0.144531 0.315278
0 0.035547 0.540278 0.069531 0.161111
0 0.258984 0.477083 0.146094 0.143056
0 0.912891 0.923611 0.060156 0.086111
0 0.393359 0.918056 0.122656 0.130556
0 0.214844 0.784028 0.134375 0.159722
