0 0.041016 0.631250 0.080469 0.273611
0 0.040625 0.927083 0.079687 0.145833
0 0.181250 0.630556 0.142187 0.341667
0 0.271094 0.927083 0.107813 0.145833
0 0.355078 0.343056 0.091406 0.252778
0 0.329297 0.109722 0.222656 0.216667
0 0.524219 0.097917 0.075000 0.193056
0 0.585156 0.106250 0.068750 0.126389
0 0.533203 0.477083 0.082031 0.176389
0 0.487500 0.668056 0.125000 0.227778
0 0.486328 0.638194 0.191406 0.723611
0 0.631641 0.470833 0.072656 0.138889
0 0.706641 0.301389 0.138281 0.308333
0 0.775391 0.211806 0.064844 0.134722
0 0.723047 0.949306 0.060156 0.101389
0 0.798438 0.888889 0.082812 0.166667
0 0.695312 0.722222 0.207813 0.544444
0 0.877344 0.620139 0.053125 0.076389
0 0.886719 0.869444 0.045312 0.094444
0 0.915625 0.835417 0.037500 0.118056
0 0.924219 0.922917 0.073438 0.154167
0 0.898047 0.544444 0.022656 0.144444
0 0.926953 0.518750 0.027344 0.118056
0 0.944141 0.504861 0.032031 0.168056
0 0.878906 0.156944 0.048438 0.100000
0 0.857031 0.165278 0.101562 0.216667
0 0.958984 0.227083 0.082031 0.198611
