0 0.364453 0.381944 0.308594 0.761111
0 0.346484 0.693750 0.124219 0.251389
0 0.188672 0.733333 0.091406 0.136111
0 0.458984 0.923611 0.046094 0.086111
0 0.396875 0.977778 0.050000 0.044444
0 0.332813 0.950694 0.071875 0.098611
0 0.099609 0.877083 0.046094 0.076389
0 0.185547 0.951389 0.105469 0.097222
0 0.065234 0.939583 0.057031 0.120833
0 0.048047 0.311111 0.050781 0.180556
0 0.023047 0.691667 0.044531 0.119444
0 0.022266 0.536806 0.042969 0.084722
0 0.018359 0.409028 0.035156 0.176389
0 0.150781 0.105556 0.107813 0.208333
