0 0.419922 0.215278 0.389844 0.427778
0 0.832422 0.877083 0.335156 0.243056
0 0.375000 0.406944 0.160938 0.286111
0 0.201953 0.555556 0.091406 0.136111
0 0.510547 0.638889 0.046094 0.086111
0 0.464062 0.802083 0.090625 0.159722
0 0.390234 0.788889 0.096094 0.216667
0 0.149609 0.013889 0.072656 0.025000
0 0.115234 0.738194 0.046094 0.076389
0 0.243359 0.811111 0.160156 0.130556
0 0.111328 0.863194 0.092969 0.212500
0 0.043359 0.172917 0.050781 0.179167
0 0.033203 0.568056 0.044531 0.119444
0 0.024219 0.410417 0.032813 0.076389
0 0.015234 0.290972 0.028906 0.154167
0 0.204687 0.965278 0.056250 0.069444
0 0.282422 0.950694 0.071094 0.098611
