0 0.140234 0.885417 0.124219 0.229167
0 0.007422 0.590972 0.013281 0.323611
0 0.026953 0.305556 0.052344 0.161111
0 0.171875 0.638889 0.101562 0.200000
0 0.143750 0.732639 0.235937 0.534722
0 0.320703 0.525694 0.110156 0.137500
0 0.438281 0.222917 0.176563 0.390278
0 0.575391 0.053472 0.083594 0.104167
0 0.733203 0.486111 0.060156 0.102778
0 0.471484 0.737500 0.189844 0.525000
0 0.532422 0.977083 0.046094 0.045833
0 0.632422 0.879861 0.089844 0.240278
0 0.769531 0.787500 0.043750 0.108333
0 0.773828 0.974306 0.032031 0.051389
0 0.818750 0.686111 0.042188 0.119444
0 0.829297 0.865972 0.114844 0.268056
0 0.762891 0.368056 0.033594 0.147222
0 0.793750 0.345833 0.034375 0.133333
0 0.823828 0.279861 0.032031 0.156944
0 0.873047 0.633333 0.032031 0.083333
0 0.905859 0.660417 0.050781 0.170833
0 0.890625 0.431944 0.029687 0.047222
0 0.867188 0.049306 0.084375 0.095833
0 0.930078 0.456944 0.055469 0.272222
0 0.173828 0.115278 0.075781 0.225000
0 0.248828 0.065278 0.086719 0.127778
0 0.873047 0.156250 0.044531 0.106944
