0 0.256641 0.785417 0.150781 0.298611
0 0.085547 0.429167 0.111719 0.336111
0 0.014844 0.897917 0.028125 0.204167
0 0.093750 0.105556 0.185938 0.208333
0 0.312891 0.489583 0.107031 0.229167
0 0.269922 0.644444 0.261719 0.711111
0 0.460938 0.400694 0.109375 0.137500
0 0.594141 0.156944 0.174219 0.311111
0 0.691797 0.022222 0.069531 0.041667
0 0.816797 0.425000 0.060156 0.102778
0 0.558594 0.683333 0.217188 0.627778
0 0.618750 0.941667 0.073438 0.116667
0 0.714453 0.790972 0.089844 0.240278
0 0.830469 0.741667 0.043750 0.108333
0 0.817187 0.951389 0.048438 0.097222
0 0.871875 0.644444 0.042188 0.119444
0 0.872656 0.840278 0.089063 0.261111
0 0.842578 0.330556 0.033594 0.147222
0 0.869531 0.321528 0.026562 0.129167
0 0.892578 0.261806 0.032031 0.156944
0 0.914453 0.619444 0.032031 0.083333
0 0.937109 0.636806 0.050781 0.170833
0 0.942969 0.422222 0.029687 0.047222
0 0.935547 0.051389 0.080469 0.100000
0 0.972266 0.447222 0.055469 0.272222
