0 0.058203 0.090278 0.114844 0.177778
0 0.062500 0.326389 0.110937 0.169444
0 0.045703 0.563194 0.089844 0.295833
0 0.412500 0.225000 0.193750 0.358333
0 0.520312 0.879167 0.223438 0.216667
0 0.684375 0.647222 0.070312 0.102778
0 0.747266 0.109722 0.114844 0.216667
0 0.885156 0.159028 0.229687 0.315278
0 0.977344 0.301389 0.045312 0.116667
0 0.906250 0.314583 0.060937 0.043056
0 0.918750 0.559722 0.012500 0.027778
0 0.933594 0.554861 0.103125 0.168056
0 0.991406 0.520833 0.017188 0.125000
0 0.221484 0.915278 0.125781 0.072222
0 0.746875 0.727083 0.062500 0.059722
