0 0.107422 0.062500 0.099219 0.122222
0 0.220703 0.284722 0.161719 0.266667
0 0.056250 0.614583 0.110937 0.234722
0 0.160547 0.911806 0.094531 0.090278
0 0.408984 0.880556 0.196094 0.238889
0 0.505859 0.653472 0.072656 0.109722
0 0.633203 0.747917 0.055469 0.068056
0 0.476172 0.118750 0.119531 0.234722
0 0.721484 0.256944 0.072656 0.116667
0 0.835156 0.227778 0.092188 0.183333
0 0.708984 0.138889 0.272656 0.275000
0 0.810156 0.557639 0.021875 0.048611
0 0.833594 0.569444 0.114062 0.191667
0 0.940625 0.332639 0.046875 0.095833
0 0.947656 0.458333 0.103125 0.222222
0 0.975000 0.105556 0.050000 0.086111
0 0.984766 0.329167 0.030469 0.105556
0 0.419922 0.021528 0.103906 0.040278
0 0.019922 0.363194 0.038281 0.156944
0 0.018750 0.138889 0.035937 0.163889
0 0.012500 0.857639 0.023438 0.106944
