0 0.149219 0.176389 0.185938 0.319444
0 0.071875 0.573611 0.142187 0.330556
0 0.039453 0.745833 0.077344 0.133333
0 0.046875 0.877083 0.092188 0.098611
0 0.179297 0.301389 0.357031 0.600000
0 0.580859 0.356250 0.447656 0.709722
0 0.551953 0.026389 0.194531 0.050000
0 0.964063 0.067361 0.071875 0.131944
0 0.762500 0.505556 0.123438 0.191667
0 0.470703 0.743750 0.052344 0.045833
0 0.742188 0.654861 0.157812 0.162500
0 0.893359 0.501389 0.055469 0.086111
0 0.884766 0.563889 0.124219 0.188889
0 0.959766 0.476389 0.060156 0.072222
0 0.991797 0.324306 0.016406 0.087500
0 0.117969 0.740972 0.053125 0.065278
