0 0.024609 0.296528 0.047656 0.223611
0 0.216797 0.890278 0.167969 0.219444
0 0.293359 0.891667 0.091406 0.119444
0 0.403906 0.561806 0.118750 0.293056
0 0.630078 0.422917 0.077344 0.170833
0 0.507812 0.147917 0.257812 0.293056
0 0.580469 0.373611 0.246875 0.288889
0 0.691406 0.504167 0.071875 0.180556
0 0.570703 0.912500 0.049219 0.175000
0 0.610156 0.855556 0.037500 0.158333
0 0.656641 0.747222 0.057031 0.238889
0 0.741406 0.829861 0.082812 0.273611
0 0.795312 0.427778 0.146875 0.291667
0 0.863281 0.236111 0.129688 0.141667
0 0.923828 0.266667 0.046094 0.122222
0 0.906641 0.361111 0.132031 0.288889
