0 0.179688 0.360417 0.075000 0.231944
0 0.055469 0.638889 0.085938 0.213889
0 0.025781 0.786111 0.043750 0.194444
0 0.045312 0.493750 0.029687 0.093056
0 0.094141 0.484028 0.042969 0.070833
0 0.131641 0.504861 0.053906 0.143056
0 0.009766 0.550694 0.017969 0.073611
0 0.009766 0.342361 0.017969 0.079167
0 0.088672 0.204861 0.039844 0.143056
0 0.033203 0.263194 0.032031 0.106944
0 0.133594 0.332639 0.028125 0.043056
0 0.305078 0.136111 0.085156 0.097222
0 0.262500 0.043750 0.134375 0.084722
0 0.141016 0.074306 0.078906 0.037500
0 0.191797 0.055556 0.080469 0.108333
