0 0.288281 0.540278 0.201563 0.272222
0 0.158594 0.070139 0.084375 0.137500
0 0.317578 0.058333 0.102344 0.113889
0 0.471875 0.251389 0.285938 0.438889
0 0.319531 0.927083 0.068750 0.145833
0 0.816016 0.522222 0.058594 0.130556
0 0.892188 0.379861 0.134375 0.301389
0 0.978125 0.287500 0.043750 0.169444
0 0.983984 0.477778 0.032031 0.083333
0 0.876172 0.936806 0.057031 0.126389
0 0.743750 0.756944 0.275000 0.352778
0 0.837500 0.886111 0.189062 0.227778
0 0.116016 0.975000 0.052344 0.050000
0 0.905078 0.070833 0.113281 0.138889
0 0.601953 0.044444 0.188281 0.086111
