0 0.093359 0.126389 0.175781 0.250000
0 0.119531 0.395833 0.110937 0.169444
0 0.069531 0.585417 0.137500 0.398611
0 0.033203 0.884722 0.064844 0.177778
0 0.350781 0.065972 0.126562 0.129167
0 0.446484 0.359028 0.160156 0.326389
0 0.527344 0.940972 0.207813 0.118056
0 0.764844 0.096528 0.131250 0.190278
0 0.772266 0.190278 0.142969 0.377778
0 0.894922 0.226389 0.210156 0.450000
0 0.973437 0.413194 0.053125 0.145833
0 0.903906 0.447917 0.060937 0.043056
0 0.912891 0.672917 0.022656 0.023611
0 0.938281 0.667361 0.103125 0.168056
0 0.987109 0.627778 0.025781 0.133333
0 0.245312 0.970139 0.115625 0.059722
