0 0.050000 0.304861 0.098437 0.440278
0 0.326953 0.872917 0.088281 0.162500
0 0.447266 0.943750 0.060156 0.109722
0 0.529297 0.603472 0.030469 0.051389
0 0.413281 0.242361 0.081250 0.131944
0 0.582812 0.267361 0.037500 0.079167
0 0.549219 0.611111 0.109375 0.300000
0 0.623437 0.253472 0.046875 0.115278
0 0.662891 0.278472 0.038281 0.079167
0 0.623047 0.429167 0.082031 0.269444
0 0.734766 0.251389 0.074219 0.188889
0 0.677344 0.355556 0.065625 0.169444
0 0.223828 0.120833 0.077344 0.238889
0 0.392188 0.127083 0.212500 0.251389
0 0.505469 0.177083 0.089063 0.165278
0 0.703906 0.149306 0.034375 0.059722
0 0.598047 0.022222 0.069531 0.041667
0 0.651563 0.018056 0.062500 0.033333
