0 0.246875 0.950694 0.145313 0.098611
0 0.033203 0.723611 0.064844 0.141667
0 0.052734 0.988889 0.080469 0.022222
0 0.023047 0.438889 0.044531 0.125000
0 0.032031 0.222917 0.062500 0.190278
0 0.132422 0.190278 0.082031 0.194444
0 0.177734 0.436111 0.092969 0.225000
0 0.311719 0.762500 0.057813 0.075000
0 0.401172 0.862500 0.041406 0.061111
0 0.533984 0.689583 0.017969 0.031944
0 0.556641 0.688889 0.097656 0.186111
0 0.453906 0.448611 0.054688 0.088889
0 0.537891 0.420833 0.078906 0.133333
0 0.312109 0.206250 0.089844 0.165278
0 0.255859 0.027778 0.049219 0.052778
0 0.382031 0.079167 0.059375 0.094444
0 0.460938 0.065972 0.070312 0.098611
0 0.342187 0.216667 0.131250 0.430556
0 0.583594 0.038194 0.121875 0.073611
0 0.449219 0.276389 0.181250 0.358333
0 0.634766 0.472917 0.039844 0.065278
0 0.697656 0.454861 0.043750 0.087500
0 0.655469 0.584028 0.089063 0.212500
0 0.746484 0.497917 0.033594 0.070833
0 0.681250 0.270833 0.050000 0.077778
0 0.730469 0.240972 0.035937 0.101389
0 0.760547 0.251389 0.044531 0.083333
0 0.799219 0.233333 0.050000 0.119444
0 0.818750 0.400694 0.029687 0.054167
0 0.750000 0.538194 0.031250 0.045833
0 0.767578 0.543056 0.074219 0.138889
0 0.849609 0.456250 0.102344 0.187500
0 0.817187 0.505556 0.039062 0.088889
0 0.836719 0.084722 0.048438 0.108333
0 0.920312 0.154167 0.087500 0.183333
0 0.882031 0.238889 0.032813 0.091667
0 0.858594 0.148611 0.050000 0.047222
0 0.916016 0.306250 0.046094 0.073611
0 0.966016 0.249306 0.066406 0.140278
0 0.955859 0.068750 0.064844 0.118056
