0 0.178516 0.924306 0.167969 0.151389
0 0.290234 0.947222 0.096094 0.105556
0 0.362891 0.667361 0.130469 0.256944
0 0.348438 0.189583 0.309375 0.376389
0 0.565234 0.430556 0.082031 0.163889
0 0.522656 0.382639 0.235937 0.298611
0 0.668359 0.462500 0.086719 0.186111
0 0.594141 0.908333 0.046094 0.163889
0 0.624219 0.840278 0.045312 0.158333
0 0.658203 0.708333 0.046094 0.233333
0 0.773438 0.334028 0.159375 0.273611
0 0.807813 0.133333 0.121875 0.147222
0 0.880859 0.134722 0.055469 0.138889
0 0.765234 0.746528 0.094531 0.284722
0 0.720703 0.506250 0.046094 0.112500
0 0.730078 0.942361 0.050781 0.115278
0 0.015234 0.122917 0.028906 0.120833
