0 0.054297 0.233333 0.107031 0.194444
0 0.358984 0.028472 0.128906 0.054167
0 0.268359 0.557639 0.111719 0.129167
0 0.515234 0.393056 0.142969 0.113889
0 0.816016 0.282639 0.241406 0.529167
0 0.050000 0.500694 0.098437 0.265278
0 0.019922 0.711111 0.038281 0.097222
0 0.110547 0.787500 0.121094 0.133333
0 0.193750 0.703472 0.115625 0.184722
0 0.078125 0.868056 0.154688 0.130556
0 0.235937 0.556250 0.301563 0.345833
0 0.521875 0.571528 0.287500 0.362500
0 0.673438 0.663194 0.104688 0.151389
0 0.690625 0.754861 0.129688 0.120833
0 0.819922 0.634722 0.063281 0.083333
0 0.826562 0.692361 0.109375 0.156944
0 0.905078 0.592361 0.058594 0.084722
