0 0.311719 0.145139 0.160938 0.287500
0 0.156250 0.646528 0.126562 0.320833
0 0.517969 0.515278 0.139063 0.291667
0 0.584375 0.224306 0.090625 0.220833
0 0.510547 0.432639 0.246094 0.862500
0 0.706641 0.171528 0.085156 0.120833
0 0.828516 0.065972 0.135156 0.129167
0 0.785937 0.765972 0.065625 0.093056
0 0.869141 0.617361 0.072656 0.218056
0 0.758984 0.517361 0.227344 0.623611
0 0.949609 0.340972 0.050781 0.098611
0 0.885156 0.895139 0.096875 0.209722
0 0.946094 0.617361 0.037500 0.073611
0 0.984375 0.547917 0.031250 0.109722
0 0.962109 0.723611 0.075781 0.233333
0 0.978906 0.253472 0.025000 0.101389
0 0.991016 0.250694 0.017969 0.098611
0 0.284766 0.929167 0.174219 0.141667
