0 0.309766 0.069444 0.285156 0.136111
0 0.355469 0.329167 0.132812 0.344444
0 0.171094 0.796528 0.126562 0.320833
0 0.535156 0.705556 0.139063 0.291667
0 0.602344 0.445139 0.090625 0.220833
0 0.533594 0.609722 0.223438 0.780556
0 0.697266 0.379861 0.085156 0.120833
0 0.800000 0.176389 0.146875 0.313889
0 0.858594 0.055556 0.050000 0.108333
0 0.772266 0.911806 0.064844 0.093056
0 0.855859 0.777778 0.077344 0.175000
0 0.748437 0.675694 0.203125 0.576389
0 0.945703 0.481250 0.050781 0.098611
0 0.888281 0.953472 0.042188 0.093056
0 0.924219 0.749306 0.037500 0.073611
0 0.959375 0.682639 0.031250 0.109722
0 0.940234 0.854167 0.075781 0.233333
0 0.957422 0.392361 0.017969 0.134722
0 0.971875 0.384028 0.025000 0.101389
0 0.991016 0.364583 0.017969 0.098611
