0 0.029687 0.103472 0.057813 0.204167
0 0.014844 0.365278 0.028125 0.261111
0 0.239063 0.427778 0.135937 0.194444
0 0.168359 0.633333 0.116406 0.241667
0 0.083594 0.731944 0.109375 0.130556
0 0.059766 0.846528 0.117969 0.120833
0 0.512109 0.227778 0.164844 0.105556
0 0.510156 0.479167 0.335938 0.458333
0 0.678125 0.561111 0.114062 0.175000
0 0.655859 0.655556 0.028906 0.041667
0 0.689453 0.659028 0.144531 0.137500
0 0.847266 0.204167 0.283594 0.400000
0 0.819531 0.548611 0.056250 0.094444
0 0.832812 0.593056 0.123438 0.161111
0 0.911719 0.504167 0.057813 0.075000
0 0.935547 0.419444 0.060156 0.125000
