0 0.141016 0.365278 0.085156 0.172222
0 0.159375 0.192361 0.179688 0.381944
0 0.153516 0.618056 0.060156 0.119444
0 0.030859 0.461111 0.050781 0.105556
0 0.244141 0.544444 0.057031 0.091667
0 0.905859 0.511111 0.188281 0.758333
0 0.100781 0.802083 0.048438 0.084722
0 0.061328 0.692361 0.100781 0.137500
0 0.069531 0.866667 0.039062 0.088889
0 0.049219 0.935417 0.079687 0.129167
0 0.032813 0.042361 0.064062 0.081944
0 0.352734 0.868750 0.150781 0.248611
0 0.517188 0.690972 0.107813 0.137500
0 0.033594 0.837500 0.037500 0.058333
0 0.471094 0.838889 0.092188 0.088889
