0 0.818359 0.170139 0.321094 0.337500
0 0.396094 0.247222 0.204687 0.225000
0 0.058594 0.481250 0.115625 0.301389
0 0.106250 0.579167 0.210938 0.683333
0 0.030469 0.809028 0.059375 0.270833
0 0.399219 0.644444 0.406250 0.691667
0 0.583203 0.827778 0.132031 0.233333
0 0.551953 0.986111 0.038281 0.027778
0 0.619531 0.943056 0.103125 0.113889
0 0.746875 0.786111 0.056250 0.088889
0 0.748047 0.852083 0.130469 0.201389
0 0.837891 0.713194 0.066406 0.098611
0 0.876953 0.548611 0.072656 0.136111
0 0.885156 0.693056 0.054688 0.077778
0 0.945312 0.463889 0.057813 0.133333
