0 0.169141 0.465278 0.178906 0.261111
0 0.057031 0.063194 0.067187 0.123611
0 0.184375 0.034028 0.064062 0.065278
0 0.349219 0.179861 0.260937 0.356944
0 0.209375 0.878472 0.065625 0.193056
0 0.707812 0.377083 0.076563 0.162500
0 0.786328 0.243056 0.175781 0.297222
0 0.892969 0.158333 0.075000 0.161111
0 0.910156 0.345833 0.054688 0.097222
0 0.965625 0.188889 0.035937 0.058333
0 0.817187 0.848611 0.076563 0.169444
0 0.623437 0.965972 0.110937 0.068056
0 0.617188 0.620833 0.321875 0.425000
0 0.797266 0.795833 0.203906 0.327778
0 0.877734 0.856944 0.080469 0.169444
0 0.960547 0.723611 0.078906 0.238889
0 0.039453 0.947222 0.071094 0.105556
