0 0.199219 0.213889 0.150000 0.302778
0 0.339453 0.562500 0.185156 0.311111
0 0.056641 0.740278 0.111719 0.336111
0 0.585547 0.927083 0.072656 0.109722
0 0.698047 0.983333 0.058594 0.033333
0 0.617578 0.270833 0.244531 0.538889
0 0.814844 0.554861 0.075000 0.093056
0 0.905469 0.503472 0.092188 0.184722
0 0.792969 0.323611 0.253125 0.536111
0 0.860156 0.802083 0.021875 0.048611
0 0.880469 0.790278 0.114062 0.191667
0 0.955469 0.672917 0.089063 0.209722
0 0.816406 0.022917 0.071875 0.043056
0 0.574609 0.202083 0.161719 0.306944
0 0.078125 0.579861 0.084375 0.143056
0 0.058594 0.321528 0.115625 0.251389
0 0.014844 0.970139 0.028125 0.056944
0 0.977734 0.550000 0.044531 0.094444
