0 0.125391 0.161806 0.089844 0.240278
0 0.011328 0.379167 0.021094 0.166667
0 0.064062 0.834722 0.126562 0.330556
0 0.212500 0.468750 0.109375 0.231944
0 0.269141 0.303472 0.071094 0.145833
0 0.364063 0.350000 0.070312 0.133333
0 0.227344 0.504861 0.160938 0.790278
0 0.457031 0.873611 0.079687 0.102778
0 0.555859 0.788194 0.080469 0.173611
0 0.415234 0.625000 0.205469 0.502778
0 0.466406 0.204861 0.131250 0.281944
0 0.557422 0.150694 0.047656 0.118056
0 0.643750 0.550694 0.060937 0.093056
0 0.654297 0.829861 0.052344 0.084722
0 0.704688 0.913194 0.103125 0.173611
0 0.700781 0.796528 0.039062 0.112500
0 0.744141 0.798611 0.038281 0.083333
0 0.772266 0.841667 0.057031 0.111111
0 0.776953 0.640278 0.033594 0.055556
0 0.669531 0.500000 0.021875 0.133333
0 0.695703 0.495833 0.032031 0.105556
0 0.724219 0.459722 0.034375 0.158333
0 0.667969 0.113194 0.048438 0.093056
0 0.636719 0.121528 0.126562 0.184722
0 0.721094 0.234028 0.060937 0.143056
0 0.813672 0.049306 0.082031 0.095833
0 0.795312 0.207639 0.109375 0.215278
0 0.878906 0.079861 0.046875 0.109722
0 0.787891 0.388889 0.036719 0.105556
0 0.812891 0.668750 0.078906 0.240278
0 0.826172 0.431944 0.060156 0.072222
0 0.805859 0.215278 0.233594 0.258333
0 0.174219 0.034028 0.082812 0.065278
0 0.294922 0.036111 0.074219 0.069444
0 0.345313 0.037500 0.057813 0.072222
