0 0.033203 0.300000 0.064844 0.288889
0 0.365625 0.759028 0.096875 0.170833
0 0.507422 0.824306 0.060156 0.109722
0 0.605859 0.450694 0.030469 0.051389
0 0.462109 0.095139 0.094531 0.112500
0 0.662500 0.102083 0.037500 0.079167
0 0.632812 0.459722 0.109375 0.300000
0 0.707812 0.082639 0.046875 0.115278
0 0.751953 0.129861 0.038281 0.079167
0 0.699609 0.275694 0.105469 0.276389
0 0.822266 0.095833 0.074219 0.188889
0 0.769531 0.200000 0.065625 0.166667
0 0.228906 0.061806 0.057813 0.120833
0 0.402734 0.045139 0.164844 0.087500
0 0.561328 0.054167 0.085156 0.105556
