0 0.020313 0.736111 0.039062 0.191667
0 0.311719 0.751389 0.165625 0.497222
0 0.138672 0.582639 0.110156 0.137500
0 0.290234 0.229861 0.188281 0.456944
0 0.479297 0.022222 0.100781 0.041667
0 0.667578 0.492361 0.082031 0.123611
0 0.045312 0.869444 0.089063 0.261111
0 0.520703 0.926389 0.102344 0.147222
0 0.707031 0.868056 0.050000 0.122222
0 0.777734 0.727778 0.052344 0.133333
0 0.782031 0.897222 0.126562 0.205556
0 0.718359 0.363889 0.041406 0.194444
0 0.755469 0.334028 0.034375 0.159722
0 0.793750 0.259722 0.039062 0.216667
0 0.844922 0.659028 0.047656 0.118056
0 0.884766 0.664583 0.063281 0.243056
0 0.876563 0.426389 0.029687 0.047222
0 0.874219 0.025694 0.085938 0.048611
0 0.916406 0.439583 0.062500 0.337500
0 0.025000 0.136111 0.048438 0.263889
0 0.089453 0.071528 0.085156 0.140278
0 0.867188 0.147917 0.062500 0.140278
0 0.414844 0.176389 0.068750 0.111111
0 0.907422 0.160417 0.042969 0.106944
