0 0.203906 0.456944 0.201563 0.272222
0 0.085938 0.062500 0.067187 0.122222
0 0.228125 0.033333 0.064062 0.063889
0 0.383203 0.195833 0.272656 0.388889
0 0.246094 0.881250 0.065625 0.193056
0 0.742969 0.410417 0.076563 0.162500
0 0.823828 0.265278 0.175781 0.297222
0 0.924219 0.186111 0.075000 0.161111
0 0.933594 0.385417 0.054688 0.098611
0 0.993750 0.221528 0.012500 0.056944
0 0.832812 0.888889 0.076563 0.169444
0 0.639844 0.965972 0.110937 0.068056
0 0.659375 0.630556 0.321875 0.425000
0 0.802734 0.834722 0.203906 0.327778
0 0.905859 0.909722 0.080469 0.169444
0 0.960547 0.766667 0.078906 0.238889
0 0.061719 0.947222 0.071875 0.105556
