0 0.156641 0.924306 0.167969 0.151389
0 0.252734 0.947222 0.096094 0.105556
0 0.015234 0.071528 0.028906 0.140278
0 0.333984 0.629861 0.130469 0.256944
0 0.347656 0.190972 0.309375 0.379167
0 0.539453 0.427778 0.082031 0.163889
0 0.495312 0.385417 0.235937 0.298611
0 0.630859 0.461111 0.086719 0.186111
0 0.544922 0.902778 0.046094 0.163889
0 0.580469 0.840278 0.045312 0.158333
0 0.622266 0.722222 0.046094 0.233333
0 0.737109 0.354861 0.158594 0.273611
0 0.771484 0.162500 0.121094 0.147222
0 0.849609 0.165278 0.055469 0.138889
0 0.719141 0.770139 0.094531 0.284722
