0 0.218359 0.924306 0.167969 0.151389
0 0.337109 0.947222 0.096094 0.105556
0 0.405859 0.646528 0.130469 0.256944
0 0.367969 0.188889 0.309375 0.375000
0 0.615234 0.408333 0.082031 0.163889
0 0.573438 0.340972 0.235937 0.298611
0 0.708203 0.437500 0.086719 0.186111
0 0.639453 0.881944 0.046094 0.163889
0 0.678906 0.819444 0.045312 0.158333
0 0.719141 0.676389 0.046094 0.233333
0 0.801953 0.285417 0.160156 0.273611
0 0.838281 0.101389 0.118750 0.166667
0 0.904297 0.081944 0.055469 0.138889
0 0.826562 0.704861 0.095312 0.284722
0 0.786328 0.492361 0.046094 0.112500
0 0.782422 0.932639 0.050781 0.115278
0 0.018359 0.175694 0.035156 0.159722
0 0.778516 0.761111 0.041406 0.069444
