0 0.766016 0.097222 0.308594 0.191667
0 0.491797 0.371528 0.116406 0.270833
0 0.240234 0.058333 0.152344 0.113889
0 0.782031 0.309028 0.123438 0.215278
0 0.388672 0.658333 0.171094 0.225000
0 0.273047 0.575000 0.085156 0.136111
0 0.203125 0.627083 0.070312 0.126389
0 0.361719 0.754861 0.082812 0.126389
0 0.044141 0.366667 0.047656 0.075000
0 0.598437 0.418056 0.135937 0.186111
0 0.581641 0.680556 0.078906 0.091667
0 0.874609 0.701389 0.075781 0.075000
0 0.980469 0.669444 0.039062 0.100000
0 0.748828 0.734028 0.158594 0.323611
0 0.035547 0.540278 0.069531 0.161111
0 0.256641 0.440972 0.146094 0.143056
0 0.920312 0.894444 0.051562 0.100000
0 0.371484 0.900694 0.066406 0.134722
0 0.211719 0.760417 0.134375 0.159722
0 0.621484 0.817361 0.088281 0.206944
