0 0.389062 0.972917 0.142187 0.054167
0 0.021094 0.329861 0.040625 0.293056
0 0.368750 0.720139 0.096875 0.170833
0 0.516016 0.774306 0.060156 0.109722
0 0.625391 0.396528 0.030469 0.051389
0 0.464453 0.057639 0.094531 0.112500
0 0.677344 0.053472 0.037500 0.079167
0 0.646094 0.397222 0.109375 0.300000
0 0.727344 0.046528 0.050000 0.090278
0 0.773828 0.075694 0.038281 0.079167
0 0.725391 0.211806 0.105469 0.276389
0 0.839063 0.068056 0.071875 0.133333
0 0.788281 0.161111 0.057813 0.125000
0 0.206250 0.062500 0.057813 0.122222
0 0.382422 0.045833 0.164844 0.088889
0 0.555469 0.031944 0.065625 0.061111
