0 0.142578 0.121528 0.089844 0.240278
0 0.023438 0.292361 0.045312 0.287500
0 0.055469 0.823611 0.109375 0.352778
0 0.203125 0.411806 0.109375 0.231944
0 0.264453 0.300000 0.071094 0.144444
0 0.350781 0.360417 0.060937 0.115278
0 0.216016 0.503472 0.135156 0.840278
0 0.423828 0.920833 0.074219 0.130556
0 0.508984 0.857639 0.080469 0.173611
0 0.401953 0.665278 0.210156 0.513889
0 0.456250 0.248611 0.131250 0.280556
0 0.537109 0.206250 0.041406 0.115278
0 0.592969 0.631250 0.060937 0.093056
0 0.599609 0.904861 0.052344 0.084722
0 0.646484 0.950000 0.089844 0.100000
0 0.642188 0.867361 0.039062 0.112500
0 0.667578 0.858333 0.038281 0.083333
0 0.711328 0.929861 0.060156 0.140278
0 0.719922 0.727778 0.033594 0.055556
0 0.622656 0.571528 0.026562 0.115278
0 0.649609 0.580556 0.032031 0.105556
0 0.682031 0.545833 0.034375 0.158333
0 0.639844 0.152083 0.048438 0.093056
0 0.617969 0.202083 0.126562 0.184722
0 0.681250 0.286111 0.060937 0.141667
0 0.792969 0.131944 0.079687 0.127778
0 0.752734 0.279167 0.108594 0.213889
0 0.854688 0.188194 0.046875 0.109722
0 0.744141 0.480556 0.036719 0.105556
0 0.765234 0.790972 0.077344 0.240278
0 0.777734 0.526389 0.060156 0.072222
0 0.787500 0.286111 0.232813 0.258333
