0 0.278125 0.144444 0.160938 0.286111
0 0.116406 0.642361 0.126562 0.320833
0 0.463281 0.505556 0.148438 0.344444
0 0.546484 0.198611 0.117969 0.216667
0 0.487891 0.431944 0.246094 0.861111
0 0.673047 0.135417 0.096094 0.137500
0 0.800391 0.050000 0.142969 0.097222
0 0.761719 0.745833 0.073438 0.125000
0 0.855078 0.614583 0.072656 0.218056
0 0.733984 0.475694 0.227344 0.623611
0 0.942578 0.285417 0.050781 0.098611
0 0.879687 0.895139 0.096875 0.209722
0 0.929688 0.585417 0.037500 0.073611
0 0.965625 0.522917 0.031250 0.109722
0 0.955078 0.700000 0.075781 0.233333
0 0.970313 0.213194 0.025000 0.101389
0 0.991016 0.209028 0.017969 0.098611
0 0.231641 0.929167 0.174219 0.141667
