0 0.383984 0.375694 0.125781 0.337500
0 0.088281 0.073611 0.142187 0.144444
0 0.737500 0.176389 0.157812 0.261111
0 0.318359 0.770139 0.203906 0.201389
0 0.174609 0.716667 0.085156 0.136111
0 0.113672 0.789583 0.080469 0.109722
0 0.292187 0.892361 0.082812 0.126389
0 0.522266 0.370139 0.166406 0.231944
0 0.519141 0.745833 0.099219 0.086111
0 0.854297 0.655556 0.075781 0.075000
0 0.978125 0.556250 0.043750 0.109722
0 0.733203 0.731944 0.183594 0.400000
0 0.136328 0.552778 0.178906 0.133333
0 0.912500 0.844444 0.051562 0.100000
0 0.139844 0.920139 0.150000 0.159722
0 0.528906 0.884028 0.214062 0.231944
0 0.350000 0.817361 0.078125 0.098611
0 0.405078 0.968056 0.053906 0.063889
