0 0.087109 0.297222 0.074219 0.136111
0 0.092578 0.086111 0.113281 0.169444
0 0.233594 0.057639 0.092188 0.112500
0 0.302734 0.280556 0.125781 0.258333
0 0.077734 0.478472 0.153906 0.409722
0 0.150391 0.871528 0.094531 0.090278
0 0.391406 0.893750 0.182812 0.193056
0 0.500000 0.683333 0.068750 0.100000
0 0.606641 0.807639 0.055469 0.068056
0 0.499219 0.064583 0.098437 0.126389
0 0.546484 0.150694 0.142969 0.298611
0 0.710547 0.360417 0.066406 0.093056
0 0.809766 0.348611 0.078906 0.158333
0 0.700000 0.186806 0.237500 0.351389
0 0.782813 0.652083 0.021875 0.048611
0 0.802734 0.659028 0.111719 0.181944
0 0.905859 0.452778 0.042969 0.072222
0 0.957031 0.447222 0.046875 0.094444
0 0.909766 0.572917 0.086719 0.206944
0 0.964063 0.233333 0.050000 0.086111
0 0.983984 0.518056 0.032031 0.050000
0 0.995703 0.229861 0.008594 0.093056
0 0.987500 0.579861 0.025000 0.081944
0 0.016406 0.780556 0.031250 0.136111
