0 0.131641 0.163889 0.167969 0.266667
0 0.146094 0.469444 0.110937 0.169444
0 0.091797 0.632639 0.182031 0.404167
0 0.040625 0.894444 0.079687 0.175000
0 0.362109 0.121528 0.197656 0.240278
0 0.470703 0.463194 0.160156 0.326389
0 0.541797 0.979861 0.191406 0.040278
0 0.757812 0.159722 0.125000 0.305556
0 0.799609 0.234722 0.167969 0.466667
0 0.931250 0.038194 0.053125 0.073611
0 0.885156 0.315972 0.220312 0.462500
0 0.973437 0.495139 0.053125 0.145833
0 0.902344 0.545139 0.060937 0.043056
0 0.911328 0.760417 0.022656 0.023611
0 0.925000 0.760417 0.103125 0.168056
0 0.987109 0.701389 0.025781 0.133333
