0 0.477547 0.256042 0.182078 0.345222
0 0.571410 0.377694 0.081758 0.129944
0 0.589687 0.659854 0.109703 0.215292
0 0.338172 0.736931 0.063844 0.084083
0 0.429176 0.845847 0.045211 0.070056
0 0.262578 0.929611 0.166313 0.140778
0 0.068387 0.970375 0.083195 0.059250
0 0.042453 0.654125 0.084906 0.264972
0 0.024680 0.421646 0.044500 0.123569
0 0.041379 0.224187 0.082758 0.212736
0 0.141152 0.173236 0.115367 0.243306
0 0.192387 0.412090 0.114648 0.249681
0 0.333910 0.177056 0.078102 0.187250
0 0.486539 0.045535 0.076672 0.091069
0 0.707238 0.242660 0.062336 0.104458
0 0.723359 0.426097 0.044422 0.099361
0 0.851266 0.380875 0.027953 0.057333
0 0.798242 0.517819 0.070938 0.155417
0 0.880289 0.448396 0.087422 0.205097
0 0.939727 0.136931 0.086063 0.191083
0 0.826508 0.215271 0.057391 0.151597
0 0.786738 0.219729 0.040914 0.117208
0 0.761660 0.205715 0.038055 0.122292
