0 0.194630 0.622844 0.099160 0.136031
0 0.188480 0.491008 0.044160 0.056266
0 0.124620 0.481977 0.065900 0.082797
0 0.721820 0.512234 0.071340 0.115719
0 0.745595 0.598219 0.018350 0.041406
0 0.693960 0.660320 0.044160 0.063703
0 0.480290 0.688992 0.114140 0.087047
0 0.591035 0.767016 0.057070 0.075375
0 0.654220 0.905016 0.069300 0.092344
0 0.668825 0.137492 0.108030 0.160297
0 0.604960 0.123703 0.042800 0.064750
0 0.403855 0.178898 0.071330 0.096609
0 0.423215 0.251617 0.033970 0.059453
0 0.141605 0.376359 0.029210 0.037156
0 0.202415 0.341852 0.032610 0.033984
0 0.135490 0.191109 0.029220 0.057313
0 0.210565 0.116266 0.107350 0.105094
0 0.286995 0.105117 0.038730 0.055203
0 0.425940 0.066375 0.046200 0.071125
0 0.510860 0.144398 0.048920 0.040328
0 0.546870 0.531336 0.050280 0.056266
0 0.348140 0.786648 0.068620 0.099797
0 0.358675 0.685805 0.033970 0.046703
0 0.079775 0.753211 0.101230 0.136953
0 0.146700 0.734633 0.048920 0.074297
0 0.094725 0.907141 0.105310 0.139063
0 0.273745 0.449602 0.055710 0.045641
0 0.288700 0.520195 0.023100 0.042453
1 0.222810 0.289867 0.047560 0.057328
