0 0.476434 0.231701 0.106055 0.160514
0 0.141121 0.180236 0.108273 0.300639
0 0.266551 0.556035 0.136867 0.331208
0 0.345016 0.308264 0.103188 0.230583
0 0.285184 0.452854 0.195617 0.797458
0 0.508715 0.560493 0.244414 0.543958
0 0.629453 0.673868 0.091797 0.202542
0 0.724398 0.685972 0.042344 0.086611
0 0.791754 0.619729 0.062414 0.124847
0 0.755926 0.794889 0.103977 0.250944
0 0.681047 0.917507 0.091797 0.164986
0 0.531645 0.780875 0.071008 0.151583
0 0.025613 0.613361 0.051227 0.275167
0 0.777461 0.410181 0.065203 0.090444
0 0.812176 0.338840 0.043070 0.184708
0 0.913930 0.516549 0.100391 0.275153
0 0.855887 0.661132 0.067430 0.164319
